Population complete
----------------------------
RocksDB version     : 6.24
Number of threads   : 8
Ops per thread      : 13107200
Cache size          : 2.00 GB
Num shard bits      : 5
Max key             : 2097152
Resident ratio      : 1
Skew degree         : 5
zipf constant         : 0.200000
Populate cache      : 1
Lookup+Insert pct   : 0%
Insert percentage   : 0%
Lookup percentage   : 100%
Erase percentage    : 0%
enableshardfix      : 1
Gather stats        : disabled
----------------------------
Complete in 38.082 s; Rough parallel ops/sec = 2753483
Thread ops/sec = 350383

Operation latency (ns):
Count: 104857600 Average: 2419.5968  StdDev: 39.21
Min: 847  Median: 2361.2504  Max: 56011234
Percentiles: P50: 2361.25 P75: 2638.95 P99: 3421.74 P99.9: 4362.39 P99.99: 47391.10
------------------------------------------------------
(     580,     870 ]     2214   0.002%   0.002% 
(     870,    1300 ]   654039   0.624%   0.626% 
(    1300,    1900 ]  8231516   7.850%   8.476% ##
(    1900,    2900 ] 94397816  90.025%  98.501% ##################
(    2900,    4400 ]  1504890   1.435%  99.936% 
(    4400,    6600 ]    25579   0.024%  99.960% 
(    6600,    9900 ]     7304   0.007%  99.967% 
(    9900,   14000 ]     7505   0.007%  99.975% 
(   14000,   22000 ]    10252   0.010%  99.984% 
(   22000,   33000 ]     3761   0.004%  99.988% 
(   33000,   50000 ]     2644   0.003%  99.990% 
(   50000,   75000 ]     2955   0.003%  99.993% 
(   75000,  110000 ]     1862   0.002%  99.995% 
(  110000,  170000 ]      990   0.001%  99.996% 
(  170000,  250000 ]      617   0.001%  99.997% 
(  250000,  380000 ]      950   0.001%  99.997% 
(  380000,  570000 ]      717   0.001%  99.998% 
(  570000,  860000 ]      201   0.000%  99.998% 
(  860000, 1200000 ]      189   0.000%  99.998% 
( 1200000, 1900000 ]      359   0.000%  99.999% 
( 1900000, 2900000 ]       59   0.000%  99.999% 
( 2900000, 4300000 ]       71   0.000%  99.999% 
( 4300000, 6500000 ]      117   0.000%  99.999% 
( 6500000, 9800000 ]      220   0.000%  99.999% 
( 9800000, 14000000 ]      262   0.000% 100.000% 
( 14000000, 22000000 ]      407   0.000% 100.000% 
( 22000000, 33000000 ]       92   0.000% 100.000% 
( 33000000, 49000000 ]       10   0.000% 100.000% 
( 49000000, 74000000 ]        2   0.000% 100.000% 



easy index:
0
1
2
3
4
5
6
7
8
9
10
11
12
13
14
15
16
17
18
19
20
21
22
23
24
25
26
27
28
29
30
31


threadnumshard:
0
0
0
0
1
1
1
1
2
2
2
2
3
3
3
3
4
4
4
4
5
5
5
5
6
6
6
6
7
7
7
7


149799201
169622496
148582530
167965497
168370249
195993940
148046180
162344003
124735570
155173607
135487537
158890183
209464429
167676032
223393656
122843240
140441916
96027470
99197575
171015112
182957099
112025097
150450269
173888488
163125463
143915845
161042222
168252234
172023171
122102784
307797238
167955052


largest peak time: shard=30 with 307797238 ns
average peak time = 160643918 ns


12075155143
19900704163
7896243783
15577346058
15262258605
32169865141
9251851866
9565841663
15774336482
15219981850
10821242155
14542785334
43044819763
10626900266
17992267468
13523732359
26930195477
9815764722
16913790474
19822796121
10552724485
10949592862
10359451885
34043503392
10827547148
27374640113
16503761222
34304878536
12590782841
12249527749
27662788975
38140062156


largest total time: shard=12 with 43044819763 ns
average total time = 18196473133 ns


2243074
3578362
1448289
2822134
2769010
5756546
1591686
1766630
2802995
2760257
1883642
2514755
7721126
1915575
3196488
2419518
4968375
1782770
3140919
3604597
1878715
1986272
1811984
6207271
1985689
5037307
2895831
6080698
2215286
2230888
4934775
6709567


largest access count: shard=12 with 7721126 times
average access count = 3270657 times


key space usage

2965329
1247403
751211
524479
397140
315485
260865
219776
190825
166917
149134
133447
119605
109650
100463
92820
85988
79911
74729
70160
65545
62070
58844
55952
52900
50662
48052
45718
43825
42406
40858
39096
37420
36122
34869
33478
32403
31442
30522
29343
28463
27893
26757
26446
25719
24525
24537
23524
22806
22363
21817
21233
20787
20108
19667
19301
18923
18845
18320
17683
17283
16965
16880
16347
15992
15688
15462
15178
15041
14647
14161
14046
13865
13531
13551
13316
13139
12804
12604
12422
12284
12033
11874
11678
11680
11414
11172
11111
10877
10832
10615
10413
10396
10030
10007
9877
9937
9541
9579
9333
9215
9223
9064
9108
8566
8715
8628
8344
8463
8462
8231
8212
7967
7891
7770
7714
7758
7537
7495
7652
7415
7270
7105
7075
6993
7038
7058
7049
6706
6640
6775
6502
6543
6581
6523
6342
6258
6209
6404
6243
6167
6167
5961
5987
5957
5859
5766
5746
5810
5732
5668
5606
5563
5450
5414
5459
5282
5197
5191
5293
5199
5162
5137
4996
5124
4974
4911
4830
4753
4838
4886
4724
4813
4626
4678
4615
4472
4524
4573
4615
4484
4484
4417
4445
4347
4368
4331
4319
4400
4206
4176
4077
4121
4183
4004
4033
3996
3917
3987
3914
4017
3849
3878
3873
3769
3895
3735
3763
3774
