Population complete
----------------------------
RocksDB version     : 6.24
Number of threads   : 8
Ops per thread      : 13107200
Cache size          : 2.00 GB
Num shard bits      : 5
Max key             : 2097152
Resident ratio      : 1
Skew degree         : 5
zipf constant         : 0.400000
Populate cache      : 1
Lookup+Insert pct   : 0%
Insert percentage   : 0%
Lookup percentage   : 100%
Erase percentage    : 0%
enableshardfix      : 1
Gather stats        : disabled
----------------------------
Complete in 34.695 s; Rough parallel ops/sec = 3022254
Thread ops/sec = 384236

Operation latency (ns):
Count: 104857600 Average: 2242.6338  StdDev: 24.13
Min: 842  Median: 2249.9296  Max: 52046913
Percentiles: P50: 2249.93 P75: 2580.46 P99: 2897.77 P99.9: 4303.06 P99.99: 47068.95
------------------------------------------------------
(     580,     870 ]    12996   0.012%   0.012% 
(     870,    1300 ]   455275   0.434%   0.447% 
(    1300,    1900 ] 24207741  23.086%  23.533% #####
(    1900,    2900 ] 79309641  75.636%  99.168% ###############
(    2900,    4400 ]   820090   0.782%  99.951% 
(    4400,    6600 ]    13031   0.012%  99.963% 
(    6600,    9900 ]     6495   0.006%  99.969% 
(    9900,   14000 ]     7180   0.007%  99.976% 
(   14000,   22000 ]     9575   0.009%  99.985% 
(   22000,   33000 ]     3277   0.003%  99.988% 
(   33000,   50000 ]     2191   0.002%  99.990% 
(   50000,   75000 ]     3649   0.003%  99.994% 
(   75000,  110000 ]     1932   0.002%  99.996% 
(  110000,  170000 ]     1040   0.001%  99.997% 
(  170000,  250000 ]      715   0.001%  99.997% 
(  250000,  380000 ]      588   0.001%  99.998% 
(  380000,  570000 ]      521   0.000%  99.998% 
(  570000,  860000 ]      211   0.000%  99.999% 
(  860000, 1200000 ]      136   0.000%  99.999% 
( 1200000, 1900000 ]      250   0.000%  99.999% 
( 1900000, 2900000 ]       25   0.000%  99.999% 
( 2900000, 4300000 ]       37   0.000%  99.999% 
( 4300000, 6500000 ]       81   0.000%  99.999% 
( 6500000, 9800000 ]      192   0.000%  99.999% 
( 9800000, 14000000 ]      180   0.000%  99.999% 
( 14000000, 22000000 ]      404   0.000% 100.000% 
( 22000000, 33000000 ]      139   0.000% 100.000% 
( 33000000, 49000000 ]        6   0.000% 100.000% 
( 49000000, 74000000 ]        2   0.000% 100.000% 



easy index:
0
1
2
3
4
5
6
7
8
9
10
11
12
13
14
15
16
17
18
19
20
21
22
23
24
25
26
27
28
29
30
31


threadnumshard:
0
0
0
0
1
1
1
1
2
2
2
2
3
3
3
3
4
4
4
4
5
5
5
5
6
6
6
6
7
7
7
7


162105032
164847533
137779725
195982953
112000206
169865995
147962829
7785395
206512558
230947081
148872781
112014943
364020160
140268888
180087755
148025533
363854191
82230236
161425020
224039040
74109929
112029325
111940085
203023786
164438857
179999610
145382703
224057031
189580670
182510990
176949316
223923950


largest peak time: shard=12 with 364020160 ns
average peak time = 170267940 ns


6320176395
17134736588
2518408340
12749668044
7549551920
45628808699
2963116063
3808710887
10206505080
7815204779
4064531259
8381759172
61106700714
3906969701
13170751656
7660096758
37159369900
3530532361
13943259619
18013367522
4098350704
5378966894
3857339012
45696152688
5087860426
40561739352
10066174003
47841155445
7585355727
6869269129
39303459456
51689527548


largest total time: shard=12 with 61106700714 ns
average total time = 17364611745 ns


1171333
3276503
442097
2451529
1488102
8625564
546333
780390
1921500
1512185
772611
1651503
11254603
770973
2537087
1427117
7086684
692291
2775013
3419110
799668
1008282
748362
8551254
996150
7548935
1932974
8823622
1438892
1262938
7438327
9595886


largest access count: shard=12 with 11254603 times
average access count = 3273369 times


key space usage

6172171
1945444
989081
612695
422311
312807
240658
192703
158624
133579
112576
97983
85575
76139
67941
60390
54795
49914
45411
42461
38723
35758
33137
30910
29179
27018
25127
23785
22829
21320
20338
19306
18230
17212
16300
15831
14932
14594
13839
13094
12671
12242
11733
11120
10814
10513
10055
9825
9366
9129
8745
8514
8246
8018
7755
7556
7118
6994
7073
6664
6567
6234
6113
6107
5907
5823
5739
5349
5263
5272
5077
4933
4758
4722
4658
4602
4446
4332
4158
4164
4018
4031
3974
3845
3800
3666
3582
3539
3451
3356
3337
3249
3215
3221
3172
3183
3058
3039
2931
2864
2731
2647
2724
2732
2662
2595
2581
2580
2474
2514
2369
2406
2435
2291
2230
2330
2275
2120
2138
2116
2056
2036
2009
2051
1971
1971
1898
1845
1977
1887
1839
1847
1808
1707
1733
1717
1716
1619
1658
1690
1535
1617
1569
1567
1506
1494
1499
1481
1471
1507
1450
1449
1429
1392
1348
1327
1320
1342
1343
1316
1308
1257
1269
1296
1214
1245
1218
1154
1199
1190
1180
1100
1121
1162
1127
1108
1117
1090
1093
1078
1035
1059
1028
1048
1004
1038
983
1020
947
998
970
1013
961
928
918
942
953
941
835
914
844
889
886
959
862
880
803
820
872
