Population complete
----------------------------
RocksDB version     : 6.24
Number of threads   : 8
Ops per thread      : 13107200
Cache size          : 2.00 GB
Num shard bits      : 5
Max key             : 2097152
Resident ratio      : 1
Skew degree         : 5
zipf constant         : 0.800000
Populate cache      : 1
Lookup+Insert pct   : 0%
Insert percentage   : 0%
Lookup percentage   : 100%
Erase percentage    : 0%
enableshardfix      : 1
Gather stats        : disabled
----------------------------
Complete in 34.697 s; Rough parallel ops/sec = 3022102
Thread ops/sec = 387825

Operation latency (ns):
Count: 104857600 Average: 2224.2911  StdDev: 12.86
Min: 854  Median: 2227.7588  Max: 51866195
Percentiles: P50: 2227.76 P75: 2569.65 P99: 2897.87 P99.9: 4296.29 P99.99: 35240.18
------------------------------------------------------
(     580,     870 ]     3412   0.003%   0.003% 
(     870,    1300 ]   762631   0.727%   0.731% 
(    1300,    1900 ] 26532066  25.303%  26.034% #####
(    1900,    2900 ] 76674350  73.122%  99.156% ###############
(    2900,    4400 ]   838241   0.799%  99.955% 
(    4400,    6600 ]    11205   0.011%  99.966% 
(    6600,    9900 ]     6026   0.006%  99.972% 
(    9900,   14000 ]     6782   0.006%  99.978% 
(   14000,   22000 ]     9106   0.009%  99.987% 
(   22000,   33000 ]     3028   0.003%  99.990% 
(   33000,   50000 ]     2028   0.002%  99.992% 
(   50000,   75000 ]     2828   0.003%  99.994% 
(   75000,  110000 ]     1591   0.002%  99.996% 
(  110000,  170000 ]      887   0.001%  99.997% 
(  170000,  250000 ]      558   0.001%  99.997% 
(  250000,  380000 ]      700   0.001%  99.998% 
(  380000,  570000 ]      517   0.000%  99.998% 
(  570000,  860000 ]      188   0.000%  99.999% 
(  860000, 1200000 ]      128   0.000%  99.999% 
( 1200000, 1900000 ]      256   0.000%  99.999% 
( 1900000, 2900000 ]       57   0.000%  99.999% 
( 2900000, 4300000 ]       50   0.000%  99.999% 
( 4300000, 6500000 ]       74   0.000%  99.999% 
( 6500000, 9800000 ]      183   0.000%  99.999% 
( 9800000, 14000000 ]      196   0.000% 100.000% 
( 14000000, 22000000 ]      393   0.000% 100.000% 
( 22000000, 33000000 ]      106   0.000% 100.000% 
( 33000000, 49000000 ]       12   0.000% 100.000% 
( 49000000, 74000000 ]        1   0.000% 100.000% 



easy index:
0
1
2
3
4
5
6
7
8
9
10
11
12
13
14
15
16
17
18
19
20
21
22
23
24
25
26
27
28
29
30
31


threadnumshard:
0
0
0
0
1
1
1
1
2
2
2
2
3
3
3
3
4
4
4
4
5
5
5
5
6
6
6
6
7
7
7
7


175202
74572503
9899
170582032
68901
224069238
14114
3684663
3950603
21163
13403
115642
139585659
15026
2279505
61570
192023667
12499
66799878
3392866
15052
15508
12529
175460568
21936
168027202
191043
319492135
1747363
29334
205837902
178887715


largest peak time: shard=27 with 319492135 ns
average peak time = 60349572 ns


59544700
2083034964
167324
2108184123
22309729
70495311254
942144
8272061
257785401
15930264
1846712
75252249
67565535283
3910163
323795320
37024246
66658990359
1200001
2027812853
768170706
2740285
12516396
1678882
67498237274
19590373
66287540175
66449289
69979967247
254050824
31170949
66776031130
68224939367


largest total time: shard=5 with 70495311254 ns
average total time = 17239685376 ns


12313
407734
33
394841
4708
13036700
190
958
52487
3298
383
15776
13436517
823
65557
7465
12641135
261
395991
156174
565
2582
346
12669290
4114
12691967
13687
13030911
51981
6461
12691995
13045042


largest access count: shard=12 with 13436517 times
average access count = 3276321 times


key space usage

12640815
395026
51691
12269
4015
1689
762
368
218
114
72
48
30
23
10
12
5
4
5
6
2
4
3
4
0
1
0
1
1
0
0
1
0
0
0
0
0
0
0
0
0
0
0
0
0
1
0
0
0
0
0
0
0
0
0
0
0
0
0
0
0
0
0
0
0
0
0
0
0
0
0
0
0
0
0
0
0
0
0
0
0
0
0
0
0
0
0
0
0
0
0
0
0
0
0
0
0
0
0
0
0
0
0
0
0
0
0
0
0
0
0
0
0
0
0
0
0
0
0
0
0
0
0
0
0
0
0
0
0
0
0
0
0
0
0
0
0
0
0
0
0
0
0
0
0
0
0
0
0
0
0
0
0
0
0
0
0
0
0
0
0
0
0
0
0
0
0
0
0
0
0
0
0
0
0
0
0
0
0
0
0
0
0
0
0
0
0
0
0
0
0
0
0
0
0
0
0
0
0
0
0
0
0
0
0
0
0
0
0
