Population complete
----------------------------
RocksDB version     : 6.24
Number of threads   : 8
Ops per thread      : 13107200
Cache size          : 2.00 GB
Num shard bits      : 5
Max key             : 2097152
Resident ratio      : 1
Skew degree         : 5
zipf constant         : 0.000000
Populate cache      : 1
Lookup+Insert pct   : 0%
Insert percentage   : 0%
Lookup percentage   : 100%
Erase percentage    : 0%
enableshardfix      : 1
Gather stats        : disabled
----------------------------
Complete in 37.672 s; Rough parallel ops/sec = 2783446
Thread ops/sec = 354095

Operation latency (ns):
Count: 104857600 Average: 2438.5740  StdDev: 17.51
Min: 847  Median: 2369.1702  Max: 54740537
Percentiles: P50: 2369.17 P75: 2644.63 P99: 3607.55 P99.9: 4381.06 P99.99: 57927.81
------------------------------------------------------
(     580,     870 ]      836   0.001%   0.001% 
(     870,    1300 ]   252345   0.241%   0.241% 
(    1300,    1900 ]  7526547   7.178%   7.419% #
(    1900,    2900 ] 95166041  90.757%  98.177% ##################
(    2900,    4400 ]  1830085   1.745%  99.922% 
(    4400,    6600 ]    37228   0.036%  99.958% 
(    6600,    9900 ]     7492   0.007%  99.965% 
(    9900,   14000 ]     8146   0.008%  99.972% 
(   14000,   22000 ]    10684   0.010%  99.983% 
(   22000,   33000 ]     4225   0.004%  99.987% 
(   33000,   50000 ]     2330   0.002%  99.989% 
(   50000,   75000 ]     3643   0.003%  99.992% 
(   75000,  110000 ]     2448   0.002%  99.995% 
(  110000,  170000 ]     1377   0.001%  99.996% 
(  170000,  250000 ]      799   0.001%  99.997% 
(  250000,  380000 ]      802   0.001%  99.998% 
(  380000,  570000 ]      646   0.001%  99.998% 
(  570000,  860000 ]      240   0.000%  99.998% 
(  860000, 1200000 ]      176   0.000%  99.999% 
( 1200000, 1900000 ]      303   0.000%  99.999% 
( 1900000, 2900000 ]       29   0.000%  99.999% 
( 2900000, 4300000 ]       63   0.000%  99.999% 
( 4300000, 6500000 ]      110   0.000%  99.999% 
( 6500000, 9800000 ]      184   0.000%  99.999% 
( 9800000, 14000000 ]      250   0.000%  99.999% 
( 14000000, 22000000 ]      422   0.000% 100.000% 
( 22000000, 33000000 ]      135   0.000% 100.000% 
( 33000000, 49000000 ]       12   0.000% 100.000% 
( 49000000, 74000000 ]        2   0.000% 100.000% 



easy index:
0
1
2
3
4
5
6
7
8
9
10
11
12
13
14
15
16
17
18
19
20
21
22
23
24
25
26
27
28
29
30
31


threadnumshard:
0
0
0
0
1
1
1
1
2
2
2
2
3
3
3
3
4
4
4
4
5
5
5
5
6
6
6
6
7
7
7
7


190179056
225011262
167982129
308092805
166648238
161865471
172036559
178236778
157669455
155503158
163143606
162410316
251938067
188024234
251499850
150183938
150411011
167728986
196024003
210372321
250591334
237563074
191605869
170556095
363694626
172766542
167943839
135465297
150110176
142115161
167740131
251974246


largest peak time: shard=24 with 363694626 ns
average peak time = 193033988 ns


16730864615
19576583227
13830305612
17011023932
18767176503
22553134506
14743956390
14787640020
17556450997
18295180083
15494968581
16267510648
28259016563
15346536151
18953316693
16826130612
21338503453
14707928193
17684745797
19320580427
15029876166
15712478372
15703932218
23880397225
15889123947
20198136833
17908895332
23356613212
15844814772
16173674871
20082722038
25047048353


largest total time: shard=12 with 28259016563 ns
average total time = 18214977073 ns


3014903
3475196
2479457
3103654
3330575
4108150
2600021
2623447
3173946
3318348
2783226
2964677
4970990
2825691
3287517
3019614
3828739
2712738
3218002
3370297
2736870
2755828
2721397
4395173
2728768
3722910
3278749
4318017
2809568
2890181
3690561
4538212


largest access count: shard=12 with 4970990 times
average access count = 3274856 times


key space usage

1004099
503751
333249
250759
200897
166886
142948
125346
111705
100144
91656
83767
77073
71657
66782
62805
58819
56127
52620
50192
47995
45593
43477
41765
40367
38649
37025
35872
34615
33516
32241
31245
30574
29468
28865
28067
27104
26001
25585
25046
24308
24059
23282
23060
22513
22021
21261
21008
20567
20060
19636
19537
19108
18632
18344
17898
17571
17479
16857
16417
16534
16125
15742
15879
15322
15363
14907
14892
14422
14338
14299
13879
13695
13686
13472
12970
12936
12789
12797
12519
12235
12231
12169
12082
11799
11634
11579
11373
11211
11091
10932
10942
10920
10812
10598
10452
10389
10203
10173
10096
9940
9852
9840
9580
9555
9369
9228
9197
9325
9023
9114
8961
8999
8761
8881
8464
8483
8503
8386
8285
8336
8345
8242
8052
8166
8044
7884
7690
7775
7881
7690
7598
7607
7317
7357
7286
7270
7229
7245
7169
7308
7052
6912
7099
6954
7030
6894
6680
6889
6753
6528
6713
6631
6393
6498
6389
6298
6459
6316
6409
6171
6374
6142
6186
6058
5930
6142
5832
6062
5915
5868
5912
5910
5858
5724
5738
5478
5583
5497
5676
5465
5563
5534
5651
5401
5273
5303
5310
5291
5251
5350
5042
5207
5353
5128
5195
5077
5116
4973
4983
4895
5010
4922
4835
4861
4886
4614
4755
4821
