Population complete
----------------------------
RocksDB version     : 6.24
Number of threads   : 8
Ops per thread      : 13107200
Cache size          : 2.00 GB
Num shard bits      : 5
Max key             : 2097152
Resident ratio      : 1
Skew degree         : 5
zipf constant         : 0.200000
Populate cache      : 1
Lookup+Insert pct   : 0%
Insert percentage   : 0%
Lookup percentage   : 100%
Erase percentage    : 0%
enableshardfix      : 1
Gather stats        : disabled
----------------------------
Complete in 36.058 s; Rough parallel ops/sec = 2908053
Thread ops/sec = 371775

Operation latency (ns):
Count: 104857600 Average: 2312.7503  StdDev: 12.89
Min: 849  Median: 2305.0092  Max: 61100519
Percentiles: P50: 2305.01 P75: 2608.82 P99: 2960.46 P99.9: 4337.20 P99.99: 50793.13
------------------------------------------------------
(     580,     870 ]     8427   0.008%   0.008% 
(     870,    1300 ]   924252   0.881%   0.889% 
(    1300,    1900 ] 16549897  15.783%  16.673% ###
(    1900,    2900 ] 86285007  82.288%  98.960% ################
(    2900,    4400 ]  1028205   0.981%  99.941% 
(    4400,    6600 ]    18953   0.018%  99.959% 
(    6600,    9900 ]     6548   0.006%  99.965% 
(    9900,   14000 ]     7897   0.008%  99.973% 
(   14000,   22000 ]    11564   0.011%  99.984% 
(   22000,   33000 ]     3993   0.004%  99.988% 
(   33000,   50000 ]     2253   0.002%  99.990% 
(   50000,   75000 ]     3727   0.004%  99.993% 
(   75000,  110000 ]     1989   0.002%  99.995% 
(  110000,  170000 ]     1144   0.001%  99.996% 
(  170000,  250000 ]      739   0.001%  99.997% 
(  250000,  380000 ]      651   0.001%  99.998% 
(  380000,  570000 ]      541   0.001%  99.998% 
(  570000,  860000 ]      248   0.000%  99.999% 
(  860000, 1200000 ]      127   0.000%  99.999% 
( 1200000, 1900000 ]      280   0.000%  99.999% 
( 1900000, 2900000 ]       34   0.000%  99.999% 
( 2900000, 4300000 ]       51   0.000%  99.999% 
( 4300000, 6500000 ]       89   0.000%  99.999% 
( 6500000, 9800000 ]      160   0.000%  99.999% 
( 9800000, 14000000 ]      236   0.000%  99.999% 
( 14000000, 22000000 ]      439   0.000% 100.000% 
( 22000000, 33000000 ]      142   0.000% 100.000% 
( 33000000, 49000000 ]        6   0.000% 100.000% 
( 49000000, 74000000 ]        1   0.000% 100.000% 



easy index:
0
1
2
3
4
5
6
7
8
9
10
11
12
13
14
15
16
17
18
19
20
21
22
23
24
25
26
27
28
29
30
31


threadnumshard:
0
0
0
0
1
1
1
1
2
2
2
2
3
3
3
3
4
4
4
4
5
5
5
5
6
6
6
6
7
7
7
7


251950745
235826515
158121775
168268135
146041484
251882102
191151294
224003783
126614285
140021579
221052746
139763854
167958892
177839632
195694822
111968561
167980022
165682346
213843248
196004432
49942869
161009201
168237256
176021261
172402870
168009161
156555541
177552761
427513975
196032420
206189466
167602367


largest peak time: shard=28 with 427513975 ns
average peak time = 183710606 ns


12120514070
19455451282
7793180983
15699288742
14456296048
30787931954
8622248497
9436331880
14658479706
14634292490
10133182337
13278845410
42059214971
10267377456
17185621462
12177044017
26208444910
10288288788
17430713223
19507384002
9402264732
10310163241
9601822167
32421167990
10977125171
27375498322
15721776036
33086076758
13241568442
11975153256
26437433008
36067037866


largest total time: shard=12 with 42059214971 ns
average total time = 17588038100 ns


2244720
3582905
1449075
2824370
2771585
5765652
1592673
1767726
2805216
2762177
1884535
2516389
7737600
1916717
3199147
2421264
4973444
1783732
3144153
3609079
1879921
1987174
1812958
6216826
1987061
5043467
2899103
6090323
2216582
2232530
4941145
6719335


largest access count: shard=12 with 7737600 times
average access count = 3274330 times


key space usage

2965329
1247403
751211
524479
397140
315485
260865
219776
190825
166917
149134
133447
119605
109650
100463
92820
85988
79911
74729
70160
65545
62070
58844
55952
52900
50662
48052
45718
43825
42406
40858
39096
37420
36122
34869
33478
32403
31442
30522
29343
28463
27893
26757
26446
25719
24525
24537
23524
22806
22363
21817
21233
20787
20108
19667
19301
18923
18845
18320
17683
17283
16965
16880
16347
15992
15688
15462
15178
15041
14647
14161
14046
13865
13531
13551
13316
13139
12804
12604
12422
12284
12033
11874
11678
11680
11414
11172
11111
10877
10832
10615
10413
10396
10030
10007
9877
9937
9541
9579
9333
9215
9223
9064
9108
8566
8715
8628
8344
8463
8462
8231
8212
7967
7891
7770
7714
7758
7537
7495
7652
7415
7270
7105
7075
6993
7038
7058
7049
6706
6640
6775
6502
6543
6581
6523
6342
6258
6209
6404
6243
6167
6167
5961
5987
5957
5859
5766
5746
5810
5732
5668
5606
5563
5450
5414
5459
5282
5197
5191
5293
5199
5162
5137
4996
5124
4974
4911
4830
4753
4838
4886
4724
4813
4626
4678
4615
4472
4524
4573
4615
4484
4484
4417
4445
4347
4368
4331
4319
4400
4206
4176
4077
4121
4183
4004
4033
3996
3917
3987
3914
4017
3849
3878
3873
3769
3895
3735
3763
3774
