Population complete
----------------------------
RocksDB version     : 6.24
Number of threads   : 8
Ops per thread      : 13107200
Cache size          : 2.00 GB
Num shard bits      : 5
Max key             : 2097152
Resident ratio      : 1
Skew degree         : 5
zipf constant         : 0.200000
Populate cache      : 1
Lookup+Insert pct   : 0%
Insert percentage   : 0%
Lookup percentage   : 100%
Erase percentage    : 0%
enableshardfix      : 0
Gather stats        : disabled
----------------------------
Complete in 79.299 s; Rough parallel ops/sec = 1322311
Thread ops/sec = 165555

Operation latency (ns):
Count: 104857600 Average: 5604.9284  StdDev: 31.92
Min: 989  Median: 4369.2013  Max: 33751946
Percentiles: P50: 4369.20 P75: 6163.03 P99: 21207.78 P99.9: 88769.42 P99.99: 199607.93
------------------------------------------------------
(     870,    1300 ]    11167   0.011%   0.011% 
(    1300,    1900 ]   170541   0.163%   0.173% 
(    1900,    2900 ]  8050211   7.677%   7.851% ##
(    2900,    4400 ] 45123376  43.033%  50.884% #########
(    4400,    6600 ] 31555617  30.094%  80.977% ######
(    6600,    9900 ] 13179887  12.569%  93.547% ###
(    9900,   14000 ]  4458791   4.252%  97.799% #
(   14000,   22000 ]  1397861   1.333%  99.132% 
(   22000,   33000 ]   338513   0.323%  99.455% 
(   33000,   50000 ]   248732   0.237%  99.692% 
(   50000,   75000 ]   181500   0.173%  99.865% 
(   75000,  110000 ]    92896   0.089%  99.954% 
(  110000,  170000 ]    35671   0.034%  99.988% 
(  170000,  250000 ]     6353   0.006%  99.994% 
(  250000,  380000 ]     2162   0.002%  99.996% 
(  380000,  570000 ]     1242   0.001%  99.997% 
(  570000,  860000 ]      646   0.001%  99.998% 
(  860000, 1200000 ]      418   0.000%  99.998% 
( 1200000, 1900000 ]      782   0.001%  99.999% 
( 1900000, 2900000 ]      289   0.000%  99.999% 
( 2900000, 4300000 ]      346   0.000%  99.999% 
( 4300000, 6500000 ]      128   0.000% 100.000% 
( 6500000, 9800000 ]      143   0.000% 100.000% 
( 9800000, 14000000 ]      183   0.000% 100.000% 
( 14000000, 22000000 ]      116   0.000% 100.000% 
( 22000000, 33000000 ]       28   0.000% 100.000% 
( 33000000, 49000000 ]        1   0.000% 100.000% 



easy index:
0
1
2
3
4
5
6
7
8
9
10
11
12
13
14
15
16
17
18
19
20
21
22
23
24
25
26
27
28
29
30
31


threadnumshard:
6
6
6
6
6
6
6
6
6
6
6
6
6
6
6
6
6
6
6
6
6
6
6
6
6
6
6
6
6
6
6
6


104630865
148671252
36910683
13389918
154295376
156297582
49255493
73884242
105377148
144420661
50094193
54881805
97635183
56953039
159654100
140640614
50742625
39509153
11850509
6017367
145806269
158035577
62648673
91418354
152876195
100800626
95979167
222128039
155062865
56253610
107587698
162704293


largest peak time: shard=27 with 222128039 ns
average peak time = 98950411 ns


42981424975
11438083572
4523792075
4339093259
18834418203
13708550260
5376193230
16670960030
14133459853
26267490848
18979822547
5525037088
19695027426
12134108943
71496338478
22348531153
6307130088
7545662302
5863460245
6669871789
7862897142
7965052534
14444607337
15492231313
18040023684
8024935259
31765707631
122954338935
14416965906
6227223076
8245771575
400842230718


largest total time: shard=31 with 400842230718 ns
average total time = 30972513796 ns


5661717
1814379
759164
737295
2776571
2078412
888382
2555845
2183959
3712078
2874758
927920
2919287
1926433
8230734
3240116
1041990
1244673
990167
1119416
1212650
1270095
2252207
2382753
2718410
1291090
4422067
12074910
2213210
1030004
1300397
25006511


largest access count: shard=31 with 25006511 times
average access count = 3276800 times


key space usage

23234932
9801504
5909976
4127679
3124093
2483916
2050573
1734155
1494930
1312028
1165779
1046552
946522
860920
790782
728672
675912
630942
587724
552053
519069
490028
463304
438106
418170
397998
378700
362729
346692
331655
318743
306509
294747
284942
275409
265235
255734
247287
239836
232489
223971
218366
211447
206791
200528
194660
190309
184475
179923
175467
171747
167208
163392
159898
156303
152391
149885
145510
142810
139924
136759
133730
131824
128861
126518
123612
121924
119215
117397
115366
113359
111144
108864
108213
105842
104107
102667
100924
99525
97685
96368
94495
93154
92169
90522
89031
88241
86754
85237
84452
82651
81753
80940
79816
78725
77953
77461
75685
75062
74173
73417
71962
71450
70630
69591
68678
68166
66991
66621
65749
65184
64421
63357
62448
62028
61373
60646
59844
58970
58941
58305
57558
57152
56633
55949
54792
54795
54387
53712
53182
52291
52189
51446
51340
51151
50385
49848
49470
48834
48444
47952
47441
47382
46668
46463
45815
45799
45164
44561
44647
43959
43483
43471
43413
42606
42479
42113
41772
41510
40789
40710
40405
40034
40019
39454
39378
38802
38843
38483
37987
37910
37625
37604
36658
36678
36404
36022
35835
36056
35729
35113
35016
34634
34662
34646
34191
33423
33318
33154
33128
33066
32537
32377
32399
31990
31709
31497
31278
31121
31055
30857
30804
30683
30250
30288
30010
29575
29418
28977
