Population complete
----------------------------
RocksDB version     : 6.24
Number of threads   : 8
Ops per thread      : 13107200
Cache size          : 2.00 GB
Num shard bits      : 6
Max key             : 2097152
Resident ratio      : 1
Skew degree         : 5
zipf constant         : 0.000000
Populate cache      : 1
Lookup+Insert pct   : 0%
Insert percentage   : 0%
Lookup percentage   : 100%
Erase percentage    : 0%
enableshardfix      : 0
Gather stats        : disabled
----------------------------
Complete in 69.222 s; Rough parallel ops/sec = 1514809
Thread ops/sec = 190466

Operation latency (ns):
Count: 104857600 Average: 4799.5687  StdDev: 18.95
Min: 919  Median: 4092.9585  Max: 86114301
Percentiles: P50: 4092.96 P75: 5316.15 P99: 10770.82 P99.9: 130910.11 P99.99: 449804.37
------------------------------------------------------
(     870,    1300 ]     2330   0.002%   0.002% 
(    1300,    1900 ]   126312   0.120%   0.123% 
(    1900,    2900 ]  6510951   6.209%   6.332% #
(    2900,    4400 ] 57574351  54.907%  61.239% ###########
(    4400,    6600 ] 34649637  33.044%  94.284% #######
(    6600,    9900 ]  4766223   4.545%  98.829% #
(    9900,   14000 ]   843804   0.805%  99.634% 
(   14000,   22000 ]    80132   0.076%  99.710% 
(   22000,   33000 ]    38185   0.036%  99.747% 
(   33000,   50000 ]    41855   0.040%  99.787% 
(   50000,   75000 ]    50874   0.049%  99.835% 
(   75000,  110000 ]    49898   0.048%  99.883% 
(  110000,  170000 ]    52196   0.050%  99.932% 
(  170000,  250000 ]    34970   0.033%  99.966% 
(  250000,  380000 ]    22233   0.021%  99.987% 
(  380000,  570000 ]     8610   0.008%  99.995% 
(  570000,  860000 ]     2172   0.002%  99.997% 
(  860000, 1200000 ]      569   0.001%  99.998% 
( 1200000, 1900000 ]      838   0.001%  99.999% 
( 1900000, 2900000 ]      376   0.000%  99.999% 
( 2900000, 4300000 ]      499   0.000%  99.999% 
( 4300000, 6500000 ]      117   0.000% 100.000% 
( 6500000, 9800000 ]      123   0.000% 100.000% 
( 9800000, 14000000 ]      180   0.000% 100.000% 
( 14000000, 22000000 ]      125   0.000% 100.000% 
( 22000000, 33000000 ]       39   0.000% 100.000% 
( 74000000, 110000000 ]        1   0.000% 100.000% 



easy index:
0
1
2
3
4
5
6
7
8
9
10
11
12
13
14
15
16
17
18
19
20
21
22
23
24
25
26
27
28
29
30
31
32
33
34
35
36
37
38
39
40
41
42
43
44
45
46
47
48
49
50
51
52
53
54
55
56
57
58
59
60
61
62
63


threadnumshard:
6
6
6
6
6
6
6
6
6
6
6
6
6
6
6
6
6
6
6
6
6
6
6
6
6
6
6
6
6
6
6
6
6
6
6
6
6
6
6
6
6
6
6
6
6
6
6
6
6
6
6
6
6
6
6
6
6
6
6
6
6
6
6
6


118383018
102555566
111994323
105056224
139733465
161149933
145253124
65199433
114145461
116744129
145757022
178505102
95382717
144018191
23200992
68338970
111117754
538598379
151781848
60071774
129161488
78742666
70688241
137010000
68774606
66187971
151205610
75084506
92591377
154253432
122765757
110029812
134224616
106815076
73121582
163621617
146851522
160127222
168042077
28252482
92833976
68138612
169443077
164874566
149050795
139135143
117134155
118189169
134830913
60948086
151561973
105353192
172387292
145172390
163247503
114589598
164686178
152733947
126287158
145495823
51819322
124979424
93226877
116566592


largest peak time: shard=17 with 538598379 ns
average peak time = 124644138 ns


12566106447
12300744800
12549473299
12552554394
12547312931
12562439154
12454003423
12495202203
12590663260
12045136423
12605884404
12367873639
12645616199
12308280203
12178486537
12586011685
12512625286
12940910391
12546524869
11955140421
12823454654
12328479231
12607463157
12752759860
12433946591
12391286265
12527945192
12474258196
12382736607
12846299845
12317550575
12474833738
12597833253
12285344101
12617398040
12765523418
12574164603
12541191361
12849146272
11874362718
12309933469
12383596769
12880797542
12508250084
12686264103
12485224815
12171332974
12605804705
12414705060
12326908175
12541783822
12444499002
12537515567
12840356778
12649019345
12397326642
12843777274
12795989446
12456122049
12924052234
12127445181
12144675449
12412719439
12488073819


largest total time: shard=17 with 12940910391 ns
average total time = 12502392834 ns


1651227
1636042
1635606
1631541
1639663
1643290
1626437
1629175
1637118
1604009
1645339
1631196
1630452
1635712
1640888
1642453
1651724
1639149
1631611
1620009
1647569
1629234
1660268
1635563
1652628
1647221
1640796
1659365
1633984
1634940
1641723
1644576
1656675
1618621
1636041
1639816
1642343
1649508
1645961
1617581
1636299
1644371
1650432
1644448
1634115
1638323
1632796
1644294
1646406
1629000
1641592
1644402
1641524
1640482
1643858
1645275
1633710
1641666
1622016
1637689
1634899
1620089
1640149
1632711


largest access count: shard=22 with 1660268 times
average access count = 1638400 times


key space usage

48
52
58
58
55
63
45
57
45
59
43
62
59
58
44
58
45
40
56
59
53
47
48
49
48
48
50
46
55
57
44
50
63
51
44
53
61
55
45
53
41
40
49
50
55
54
51
37
40
61
54
73
55
67
58
43
50
45
45
52
55
53
42
30
52
48
46
54
56
51
46
63
53
55
48
55
46
64
44
59
60
45
54
44
54
59
61
53
56
39
54
41
63
47
51
43
41
48
45
54
55
52
49
54
48
44
57
47
50
55
58
52
44
44
53
67
56
48
60
57
47
44
53
31
63
47
59
46
62
47
46
50
51
45
61
31
40
54
38
47
52
50
56
48
47
52
44
55
53
51
49
51
40
53
47
48
59
44
50
58
51
54
60
46
51
54
54
59
47
57
40
43
56
55
50
54
50
46
44
53
56
48
42
45
53
44
53
54
58
61
25
54
55
50
66
43
60
57
55
56
47
46
50
40
66
44
52
48
61
