Population complete
----------------------------
RocksDB version     : 6.24
Number of threads   : 8
Ops per thread      : 13107200
Cache size          : 2.00 GB
Num shard bits      : 5
Max key             : 2097152
Resident ratio      : 1
Skew degree         : 5
zipf constant         : 1.000000
Populate cache      : 1
Lookup+Insert pct   : 0%
Insert percentage   : 0%
Lookup percentage   : 100%
Erase percentage    : 0%
enableshardfix      : 1
Gather stats        : disabled
----------------------------
Complete in 34.489 s; Rough parallel ops/sec = 3040359
Thread ops/sec = 388846

Operation latency (ns):
Count: 104857600 Average: 2216.7722  StdDev: 30.23
Min: 897  Median: 2217.3767  Max: 52012747
Percentiles: P50: 2217.38 P75: 2564.26 P99: 2897.27 P99.9: 4287.66 P99.99: 35588.22
------------------------------------------------------
(     870,    1300 ]   160539   0.153%   0.153% 
(    1300,    1900 ] 28283617  26.973%  27.126% #####
(    1900,    2900 ] 75571535  72.071%  99.197% ##############
(    2900,    4400 ]   796721   0.760%  99.957% 
(    4400,    6600 ]    10694   0.010%  99.967% 
(    6600,    9900 ]     5819   0.006%  99.973% 
(    9900,   14000 ]     6737   0.006%  99.979% 
(   14000,   22000 ]     8423   0.008%  99.987% 
(   22000,   33000 ]     2715   0.003%  99.990% 
(   33000,   50000 ]     2064   0.002%  99.992% 
(   50000,   75000 ]     2804   0.003%  99.994% 
(   75000,  110000 ]     1611   0.002%  99.996% 
(  110000,  170000 ]      865   0.001%  99.997% 
(  170000,  250000 ]      579   0.001%  99.997% 
(  250000,  380000 ]      672   0.001%  99.998% 
(  380000,  570000 ]      531   0.001%  99.998% 
(  570000,  860000 ]      176   0.000%  99.999% 
(  860000, 1200000 ]      165   0.000%  99.999% 
( 1200000, 1900000 ]      267   0.000%  99.999% 
( 1900000, 2900000 ]       22   0.000%  99.999% 
( 2900000, 4300000 ]       55   0.000%  99.999% 
( 4300000, 6500000 ]       67   0.000%  99.999% 
( 6500000, 9800000 ]      212   0.000%  99.999% 
( 9800000, 14000000 ]      202   0.000% 100.000% 
( 14000000, 22000000 ]      378   0.000% 100.000% 
( 22000000, 33000000 ]      113   0.000% 100.000% 
( 33000000, 49000000 ]       16   0.000% 100.000% 
( 49000000, 74000000 ]        1   0.000% 100.000% 



easy index:
0
1
2
3
4
5
6
7
8
9
10
11
12
13
14
15
16
17
18
19
20
21
22
23
24
25
26
27
28
29
30
31


threadnumshard:
-1
-1
0
-1
-1
-1
1
-1
-1
-1
-1
2
3
-1
-1
-1
-1
4
-1
-1
-1
5
-1
-1
-1
6
-1
-1
-1
7
-1
-1


0
0
0
0
0
232601456
0
0
0
0
0
0
193791889
0
0
0
195993529
0
0
0
0
0
0
236252548
0
177310290
0
206645953
0
0
309969773
205354861


largest peak time: shard=30 with 309969773 ns
average peak time = 54935009 ns


0
0
0
0
0
70428442202
0
0
0
0
0
0
65153127093
0
0
0
67270595990
0
0
0
0
0
0
69789395267
0
67578659883
0
68777702617
0
0
68326709168
67869000991


largest total time: shard=5 with 70428442202 ns
average total time = 17037301037 ns


0
0
0
0
0
13107200
0
0
0
0
0
0
13107200
0
0
0
13107200
0
0
0
0
0
0
13107200
0
13107200
0
13107200
0
0
13107200
13107200


largest access count: shard=5 with 13107200 times
average access count = 3276800 times


key space usage

13107200
0
0
0
0
0
0
0
0
0
0
0
0
0
0
0
0
0
0
0
0
0
0
0
0
0
0
0
0
0
0
0
0
0
0
0
0
0
0
0
0
0
0
0
0
0
0
0
0
0
0
0
0
0
0
0
0
0
0
0
0
0
0
0
0
0
0
0
0
0
0
0
0
0
0
0
0
0
0
0
0
0
0
0
0
0
0
0
0
0
0
0
0
0
0
0
0
0
0
0
0
0
0
0
0
0
0
0
0
0
0
0
0
0
0
0
0
0
0
0
0
0
0
0
0
0
0
0
0
0
0
0
0
0
0
0
0
0
0
0
0
0
0
0
0
0
0
0
0
0
0
0
0
0
0
0
0
0
0
0
0
0
0
0
0
0
0
0
0
0
0
0
0
0
0
0
0
0
0
0
0
0
0
0
0
0
0
0
0
0
0
0
0
0
0
0
0
0
0
0
0
0
0
0
0
0
0
0
0
