Population complete
----------------------------
RocksDB version     : 6.24
Number of threads   : 8
Ops per thread      : 13107200
Cache size          : 2.00 GB
Num shard bits      : 8
Max key             : 2097152
Resident ratio      : 1
Skew degree         : 5
zipf constant         : 0.000000
Populate cache      : 1
Lookup+Insert pct   : 0%
Insert percentage   : 0%
Lookup percentage   : 100%
Erase percentage    : 0%
enableshardfix      : 0
Gather stats        : disabled
----------------------------
Complete in 67.634 s; Rough parallel ops/sec = 1550362
Thread ops/sec = 194954

Operation latency (ns):
Count: 104857600 Average: 4663.2779  StdDev: 23.45
Min: 853  Median: 4078.2085  Max: 43033626
Percentiles: P50: 4078.21 P75: 5178.97 P99: 8438.48 P99.9: 26530.87 P99.99: 929511.92
------------------------------------------------------
(     580,     870 ]        2   0.000%   0.000% 
(     870,    1300 ]     6445   0.006%   0.006% 
(    1300,    1900 ]   147948   0.141%   0.147% 
(    1900,    2900 ]  5225409   4.983%   5.131% #
(    2900,    4400 ] 59898986  57.124%  62.255% ###########
(    4400,    6600 ] 37744097  35.996%  98.250% #######
(    6600,    9900 ]  1411082   1.346%  99.596% 
(    9900,   14000 ]   281760   0.269%  99.865% 
(   14000,   22000 ]    31384   0.030%  99.895% 
(   22000,   33000 ]    13667   0.013%  99.908% 
(   33000,   50000 ]     7821   0.007%  99.915% 
(   50000,   75000 ]    11578   0.011%  99.926% 
(   75000,  110000 ]     9370   0.009%  99.935% 
(  110000,  170000 ]    11149   0.011%  99.946% 
(  170000,  250000 ]    10276   0.010%  99.956% 
(  250000,  380000 ]    12576   0.012%  99.968% 
(  380000,  570000 ]    12161   0.012%  99.979% 
(  570000,  860000 ]    10252   0.010%  99.989% 
(  860000, 1200000 ]     5631   0.005%  99.994% 
( 1200000, 1900000 ]     3785   0.004%  99.998% 
( 1900000, 2900000 ]     1027   0.001%  99.999% 
( 2900000, 4300000 ]      461   0.000%  99.999% 
( 4300000, 6500000 ]      126   0.000%  99.999% 
( 6500000, 9800000 ]      136   0.000% 100.000% 
( 9800000, 14000000 ]      211   0.000% 100.000% 
( 14000000, 22000000 ]      149   0.000% 100.000% 
( 22000000, 33000000 ]      107   0.000% 100.000% 
( 33000000, 49000000 ]        4   0.000% 100.000% 



easy index:
0
1
2
3
4
5
6
7
8
9
10
11
12
13
14
15
16
17
18
19
20
21
22
23
24
25
26
27
28
29
30
31
32
33
34
35
36
37
38
39
40
41
42
43
44
45
46
47
48
49
50
51
52
53
54
55
56
57
58
59
60
61
62
63
64
65
66
67
68
69
70
71
72
73
74
75
76
77
78
79
80
81
82
83
84
85
86
87
88
89
90
91
92
93
94
95
96
97
98
99
100
101
102
103
104
105
106
107
108
109
110
111
112
113
114
115
116
117
118
119
120
121
122
123
124
125
126
127
128
129
130
131
132
133
134
135
136
137
138
139
140
141
142
143
144
145
146
147
148
149
150
151
152
153
154
155
156
157
158
159
160
161
162
163
164
165
166
167
168
169
170
171
172
173
174
175
176
177
178
179
180
181
182
183
184
185
186
187
188
189
190
191
192
193
194
195
196
197
198
199
200
201
202
203
204
205
206
207
208
209
210
211
212
213
214
215
216
217
218
219
220
221
222
223
224
225
226
227
228
229
230
231
232
233
234
235
236
237
238
239
240
241
242
243
244
245
246
247
248
249
250
251
252
253
254
255


threadnumshard:
3
3
3
3
3
3
3
3
3
3
3
3
3
3
3
3
3
3
3
3
3
3
3
3
3
3
3
3
3
3
3
3
3
3
3
3
3
3
3
3
3
3
3
3
3
3
3
3
3
3
3
3
3
3
3
3
3
3
3
3
3
3
3
3
3
3
3
3
3
3
3
3
3
3
3
3
3
3
3
3
3
3
3
3
3
3
3
3
3
3
3
3
3
3
3
3
3
3
3
3
3
3
3
3
3
3
3
3
3
3
3
3
3
3
3
3
3
3
3
3
3
3
3
3
3
3
3
3
3
3
3
3
3
3
3
3
3
3
3
3
3
3
3
3
3
3
3
3
3
3
3
3
3
3
3
3
3
3
3
3
3
3
3
3
3
3
3
3
3
3
3
3
3
3
3
3
3
3
3
3
3
3
3
3
3
3
3
3
3
3
3
3
3
3
3
3
3
3
3
3
3
3
3
3
3
3
3
3
3
3
3
3
3
3
3
3
3
3
3
3
3
3
3
3
3
3
3
3
3
3
3
3
3
3
3
3
3
3
3
3
3
3
3
3
3
3
3
3
3
3
3
3
3
3
3
3


13200567
148237436
18945908
171300916
14309879
161060725
100255183
20055609
127413608
168462027
150270004
11028602
72547712
164624756
73096108
153904719
156546526
117484046
167356120
47022676
24389929
114271248
168217824
12551697
13461874
124678128
164201915
64213898
119413751
14465317
60797078
71422902
74968548
142245476
151795344
20339553
156366291
41636878
116435957
11593096
21087149
146516313
18536531
90088948
69073583
11737654
12061912
76375563
18123126
70348299
41758826
70866868
142384015
43960198
70515785
44556682
45933369
64350389
42331476
13360636
42209024
217706344
153287563
55012953
160319426
91111474
12852384
25368762
14565061
74139723
107505118
115963058
11453352
142807984
78360011
71341331
136715311
10840568
172586516
155937818
11340196
93499855
76375199
88476967
13909733
144284502
12560450
22640142
70228579
73575893
41824673
122140585
70714009
130590163
171588730
19525828
154576144
232088923
162718179
134894139
104434604
71076540
185765167
13041394
167368849
87453237
60018364
73250868
71538621
36071106
72303270
12405903
16635834
42646296
10075070
34292518
15698279
71364651
13957944
169842254
177210605
157717327
99935221
15243368
159394506
70727537
59984757
71954834
94709036
137849303
18280391
169557038
170728468
73784341
162430804
24734231
174714913
38213634
131671366
158823645
17654362
153389267
163102759
164438976
75362879
142207482
12834519
167988405
72354574
19695082
14423539
66537566
96273646
172109857
55015006
69187382
21839877
80516946
14506584
16498890
217674976
173833440
11803969
110685709
72818275
163220879
60161171
68546935
78876860
162722357
52393643
123684566
223185442
118699569
166184282
160642655
15615957
23853721
15946619
120758538
60835817
148168683
153962705
94397406
81021396
73476933
53503463
171453750
42036360
154150293
70889760
42176434
87628114
43733083
14731208
45663503
155079214
89475141
153327894
39045936
148306384
157491856
144014355
203737859
128706183
84577949
14690267
68447493
76113164
73710828
236489538
155095621
185963887
166762055
69392620
104453391
166713618
110009736
134739774
80359012
20616219
13354572
45730631
15379903
144661959
51544917
156717316
118998495
73337266
26543953
90916124
14806213
25774136
67258716
75103895
83563511
21048263
171503740
71323564
11974329
129889780
73148733
153500844
69056538
60714596
42206286
170269930
146384218
16532192
164902041
15278943
97923467
74702450
46812392
172687849
165563204


largest peak time: shard=210 with 236489538 ns
average peak time = 89666449 ns


2910187514
3208650655
2896770369
3190861865
2886292072
3219668009
2928728279
2910112848
3252709785
3341241154
3316313312
2832046434
2908691129
3182206340
2981433106
3149811620
3091035950
2943179005
3081983272
2954039312
2994408107
3003588793
3149367122
2770709818
2825491991
3378069644
3302439436
3063733639
2948349530
2947493489
3134854073
2967792637
3121297903
3081169481
3174769177
2832350028
3197323486
2945604399
3087508300
2843987939
2938134231
3042631765
3018290646
3024976273
2893381397
2859586782
2852199370
3140717885
2916606355
2948789039
2816828304
2898462581
3089363328
2936653985
3116972977
2973301517
2893471493
2877508650
2965170434
2988982555
2955870101
3190664692
3042019473
2925565401
3324892827
3176841955
2878527675
2921617201
2789309873
3059854209
3063355634
3012574139
2781568705
3142918129
3065448252
2964565884
3141561464
2838750748
3150325969
3059142045
2871949537
3050200951
3048375770
2981246266
2975028975
3197743374
2916164224
2836428223
3010240795
3087623610
2864662090
3066787235
3010014347
3047012572
3017343826
2964442746
3239265461
3011349368
3110208541
3124158732
3179760313
2981962532
3063366659
2834864214
3059813089
3080064210
2955962960
2984162264
2998423019
2944110914
2974228692
2980871594
2902129561
2993621273
2991872247
2968275226
2804200392
2992905423
2947933358
3026052038
3292452729
3000754818
3230966974
2902798129
3192348227
2847465687
2911634907
3183626444
3114195013
3116275896
2949549701
3162931417
3329883582
3064775188
3143004675
2953051836
3205518965
2959569790
3194229159
3145478044
2899297081
2986119464
3277317101
3330050109
3096166727
3073117869
2857893630
3040958406
3000549488
2819400190
3010988609
2965392569
3049831026
3120615505
3013783144
3005390653
2900829128
2862733736
2881443000
2937365299
3184548364
3111867004
2888678602
3089802893
3085538443
3178193602
2954728229
3027716621
3016750514
3287131167
2938129282
3124376761
3734735693
3024821806
3159059641
3113457742
2949299123
2956294939
2963946341
2937590787
2965712875
3313469766
3341568049
3054971266
2968648505
2956429224
2771768349
3126123059
3060806551
3038782769
3079610804
2987707037
3079595938
2980076173
2844524146
2897261333
3247373386
3103301738
3114762419
2820481490
3235678970
3063328678
3062759808
3279216806
3041194854
2952692935
2742346000
2899523008
3041164524
2995780518
3020754053
3181413245
3384000108
3436832551
3032483976
3054995419
3192904630
3047884074
3190065797
3148451574
2879116868
2710500879
2963844312
2933912045
3175183969
3006914775
3017061384
3139952953
3018221417
2922109657
3009559119
2903121875
2871108495
3054077552
2882028695
2992869238
2801906732
3452023942
2976621471
2839555935
3123430248
2901774786
3398765070
3038975910
2784637877
3002593077
3123792471
3026117434
2878572113
3021183931
2859752741
2944614089
3047832901
2795568008
3350928987
3080502576


largest total time: shard=172 with 3734735693 ns
average total time = 3031914464 ns


407946
398307
413251
409055
412946
413154
405369
412605
411537
398027
414732
410778
412747
412763
410038
405347
413315
410798
410199
407503
401347
412593
405751
401352
407639
413881
403657
417462
405403
415354
411439
406225
414306
402984
416013
404654
410494
409517
415809
402435
412428
410331
410105
411500
407886
406250
410087
406550
409633
406861
401925
407873
413430
410356
418359
409217
407180
416949
407866
408455
411300
408270
405084
408082
408301
414509
404242
407578
409141
409049
414526
405672
403541
402349
410012
403426
401982
408288
409453
411099
409915
405844
406583
408155
415064
407587
417670
409999
414120
414002
407472
414275
411852
408520
406048
416620
415269
396585
404987
410983
411708
415235
402010
402089
408916
417097
413104
409050
411493
411902
400423
410556
411296
411259
420251
414586
402125
402630
413509
408925
411295
410460
412620
407449
408402
402718
408545
406081
417876
405655
414233
408928
404647
410918
399530
406420
411263
401069
412042
408957
408343
409880
410226
415023
415203
416171
410724
400083
416346
398730
420218
411354
416332
411269
412437
416830
408256
410615
410816
408257
409900
405941
410131
411451
413885
416998
413907
406970
406486
410993
414401
413795
409844
414109
412491
420485
411815
408156
413519
409980
419239
415053
402719
409971
409308
404118
398400
413419
411859
405701
416582
410111
417104
417571
403880
405980
412929
410169
407012
404478
410777
402564
408553
408035
407380
404781
411171
410984
413291
406336
404105
404268
414812
410324
416629
412858
414537
408069
417230
410798
408473
400451
413420
413474
417200
413111
404910
412728
406256
407758
414235
406087
408469
405950
412822
410103
404892
406062
409795
406703
413662
402724
405897
411963
406730
412443
409271
417162
405927
410139
403130
408366
403338
403400
409938
408437


largest access count: shard=175 with 420485 times
average access count = 409600 times


key space usage

48
52
58
58
55
63
45
57
45
59
43
62
59
58
44
58
45
40
56
59
53
47
48
49
48
48
50
46
55
57
44
50
63
51
44
53
61
55
45
53
41
40
49
50
55
54
51
37
40
61
54
73
55
67
58
43
50
45
45
52
55
53
42
30
52
48
46
54
56
51
46
63
53
55
48
55
46
64
44
59
60
45
54
44
54
59
61
53
56
39
54
41
63
47
51
43
41
48
45
54
55
52
49
54
48
44
57
47
50
55
58
52
44
44
53
67
56
48
60
57
47
44
53
31
63
47
59
46
62
47
46
50
51
45
61
31
40
54
38
47
52
50
56
48
47
52
44
55
53
51
49
51
40
53
47
48
59
44
50
58
51
54
60
46
51
54
54
59
47
57
40
43
56
55
50
54
50
46
44
53
56
48
42
45
53
44
53
54
58
61
25
54
55
50
66
43
60
57
55
56
47
46
50
40
66
44
52
48
61
