Population complete
----------------------------
RocksDB version     : 6.24
Number of threads   : 8
Ops per thread      : 13107200
Cache size          : 2.00 GB
Num shard bits      : 5
Max key             : 2097152
Resident ratio      : 1
Skew degree         : 5
zipf constant         : 0.800000
Populate cache      : 1
Lookup+Insert pct   : 0%
Insert percentage   : 0%
Lookup percentage   : 100%
Erase percentage    : 0%
enableshardfix      : 0
Gather stats        : disabled
----------------------------
Complete in 150.958 s; Rough parallel ops/sec = 694613
Thread ops/sec = 86932

Operation latency (ns):
Count: 104857600 Average: 11330.2537  StdDev: 38.55
Min: 1086  Median: 9528.9710  Max: 25982586
Percentiles: P50: 9528.97 P75: 15152.85 P99: 40569.26 P99.9: 66036.23 P99.99: 240696.97
------------------------------------------------------
(     870,    1300 ]    75171   0.072%   0.072% 
(    1300,    1900 ]   854686   0.815%   0.887% 
(    1900,    2900 ]  3503600   3.341%   4.228% #
(    2900,    4400 ] 14576187  13.901%  18.129% ###
(    4400,    6600 ] 15422654  14.708%  32.837% ###
(    6600,    9900 ] 20276219  19.337%  52.174% ####
(    9900,   14000 ] 21023410  20.049%  72.224% ####
(   14000,   22000 ] 20202335  19.266%  91.490% ####
(   22000,   33000 ]  7197831   6.864%  98.354% #
(   33000,   50000 ]  1520337   1.450%  99.804% 
(   50000,   75000 ]   156384   0.149%  99.953% 
(   75000,  110000 ]    24375   0.023%  99.977% 
(  110000,  170000 ]    10021   0.010%  99.986% 
(  170000,  250000 ]     4418   0.004%  99.990% 
(  250000,  380000 ]     3081   0.003%  99.993% 
(  380000,  570000 ]     1799   0.002%  99.995% 
(  570000,  860000 ]     1225   0.001%  99.996% 
(  860000, 1200000 ]      830   0.001%  99.997% 
( 1200000, 1900000 ]     1203   0.001%  99.998% 
( 1900000, 2900000 ]      438   0.000%  99.999% 
( 2900000, 4300000 ]      533   0.001%  99.999% 
( 4300000, 6500000 ]      337   0.000%  99.999% 
( 6500000, 9800000 ]      286   0.000% 100.000% 
( 9800000, 14000000 ]      182   0.000% 100.000% 
( 14000000, 22000000 ]       54   0.000% 100.000% 
( 22000000, 33000000 ]        4   0.000% 100.000% 



easy index:
0
1
2
3
4
5
6
7
8
9
10
11
12
13
14
15
16
17
18
19
20
21
22
23
24
25
26
27
28
29
30
31


threadnumshard:
6
6
-1
-1
6
1
-1
0
6
6
0
-1
2
3
6
6
4
7
2
2
6
-1
6
6
6
7
0
6
7
-1
5
6


324543
10254
0
0
43114
13993
0
25472
15718
52586
50909
0
15049
8162
8660377
20080551
747
3516
11596
5145
5814
0
12833
14522
15576
7345
63025
54975005
11811
0
3858
112240783


largest peak time: shard=31 with 112240783 ns
average peak time = 6146009 ns


386170807
44653
0
0
11823501
400186
0
4415459
391572
23988220
6781659
0
519983
82540
1658451383
72644733
746
3515
11595
6443
21401
0
215745
1495454
2583994
16682
127067367
13154133865
197539
0
3857
2330958904554


largest total time: shard=31 with 2330958904554 ns
average total time = 73325324295 ns


98843
9
0
0
2994
93
0
1020
90
5979
1678
0
135
23
415204
13311
1
1
1
2
8
0
45
381
644
6
32358
3162002
53
0
1
101122718


largest access count: shard=31 with 101122718 times
average access count = 3276800 times


key space usage

100596280
3161273
415115
98841
32358
13311
5975
2993
1677
1014
639
381
270
180
132
88
83
61
34
28
22
17
18
11
8
6
9
7
7
6
5
2
2
4
1
1
1
3
0
0
0
1
0
1
1
1
1
0
1
0
1
0
0
1
1
0
0
0
0
0
0
0
0
0
0
0
0
0
0
0
0
0
0
0
0
0
0
1
0
0
1
0
0
0
0
0
0
0
0
0
0
0
0
0
0
0
0
0
0
0
0
0
0
0
0
0
0
0
0
0
0
0
0
0
0
0
0
0
0
0
0
0
0
0
0
0
0
0
0
0
0
0
0
0
0
0
0
0
0
0
0
0
0
0
0
0
0
0
0
0
0
0
0
0
0
0
0
0
0
0
0
0
0
0
0
0
0
0
0
0
0
0
0
0
0
0
0
0
0
0
0
0
0
0
0
0
0
0
0
0
0
0
0
0
0
0
0
0
0
0
0
0
0
0
0
0
0
0
0
