Population complete
----------------------------
RocksDB version     : 6.24
Number of threads   : 8
Ops per thread      : 13107200
Cache size          : 2.00 GB
Num shard bits      : 5
Max key             : 2097152
Resident ratio      : 1
Skew degree         : 5
zipf constant         : 0.600000
Populate cache      : 1
Lookup+Insert pct   : 0%
Insert percentage   : 0%
Lookup percentage   : 100%
Erase percentage    : 0%
enableshardfix      : 0
Gather stats        : disabled
----------------------------
Complete in 122.197 s; Rough parallel ops/sec = 858104
Thread ops/sec = 107341

Operation latency (ns):
Count: 104857600 Average: 9099.6691  StdDev: 8.72
Min: 1076  Median: 7207.1890  Max: 31615416
Percentiles: P50: 7207.19 P75: 12220.33 P99: 32915.44 P99.9: 60768.61 P99.99: 194071.02
------------------------------------------------------
(     870,    1300 ]    25676   0.024%   0.024% 
(    1300,    1900 ]  1237885   1.181%   1.205% 
(    1900,    2900 ] 11727318  11.184%  12.389% ##
(    2900,    4400 ] 19171774  18.284%  30.673% ####
(    4400,    6600 ] 16513247  15.748%  46.421% ###
(    6600,    9900 ] 20396565  19.452%  65.873% ####
(    9900,   14000 ] 16911409  16.128%  82.001% ###
(   14000,   22000 ] 13707743  13.073%  95.073% ###
(   22000,   33000 ]  4149305   3.957%  99.030% #
(   33000,   50000 ]   861621   0.822%  99.852% 
(   50000,   75000 ]   116541   0.111%  99.963% 
(   75000,  110000 ]    19476   0.019%  99.982% 
(  110000,  170000 ]     7490   0.007%  99.989% 
(  170000,  250000 ]     3537   0.003%  99.992% 
(  250000,  380000 ]     2568   0.002%  99.995% 
(  380000,  570000 ]     1437   0.001%  99.996% 
(  570000,  860000 ]     1066   0.001%  99.997% 
(  860000, 1200000 ]      654   0.001%  99.998% 
( 1200000, 1900000 ]      900   0.001%  99.999% 
( 1900000, 2900000 ]      250   0.000%  99.999% 
( 2900000, 4300000 ]      451   0.000%  99.999% 
( 4300000, 6500000 ]      229   0.000% 100.000% 
( 6500000, 9800000 ]      237   0.000% 100.000% 
( 9800000, 14000000 ]      145   0.000% 100.000% 
( 14000000, 22000000 ]       67   0.000% 100.000% 
( 22000000, 33000000 ]        9   0.000% 100.000% 



easy index:
0
1
2
3
4
5
6
7
8
9
10
11
12
13
14
15
16
17
18
19
20
21
22
23
24
25
26
27
28
29
30
31


threadnumshard:
5
7
7
3
5
5
7
5
5
5
5
5
5
5
5
5
5
5
5
7
5
2
5
5
5
5
5
5
5
7
5
5


10091713
332601
17712
17105
6711122
297000
28866
21406481
473400
21125779
1349128
59405
614271
436150
118539475
50101306
80686
160357
54198
35511
116655
198179
302159
1339417
49539823
320516
31781807
100797639
1705966
57643
52771
157713064


largest peak time: shard=31 with 157713064 ns
average peak time = 17995559 ns


10782478681
123718088
2542826
3762836
1834163533
392707437
15322715
1163398882
377083000
2635910049
1396912426
18760054
548432473
203049515
24110793395
3790927719
43242126
38011951
32647129
27236486
110315137
36213257
350480481
695409829
959075275
84848854
6047038638
79376753198
393613499
12875787
42640308
1682032027419


largest total time: shard=31 with 1682032027419 ns
average total time = 56802574781 ns


2461757
29971
642
927
439696
95634
3704
272096
91177
626698
337434
4494
133604
49347
5112266
888662
10473
9400
8043
6576
26972
8712
85394
169049
220844
20616
1404743
13941909
95959
3129
10429
78287243


largest access count: shard=31 with 78287243 times
average access count = 3276800 times


key space usage

77514954
13803334
5010246
2443383
1396799
887441
604761
431789
321511
246791
194619
156817
127492
106421
89913
76437
65762
57041
49838
43365
38209
34477
30795
27531
25156
22697
20670
18944
17334
15841
14473
13507
12409
11723
10625
10081
9284
8864
8191
7633
7186
6708
6464
6094
5750
5507
5054
4881
4664
4457
4299
4004
3713
3664
3569
3413
3253
3095
2901
2771
2543
2522
2518
2368
2359
2200
2098
2037
2011
1880
1840
1832
1688
1660
1627
1494
1421
1411
1406
1315
1339
1308
1260
1206
1164
1139
1153
1053
1031
1081
1049
996
966
907
892
878
849
755
808
811
724
719
714
687
707
659
631
658
636
617
610
608
578
556
545
561
526
517
494
531
469
469
469
490
475
448
453
431
454
396
401
390
387
398
347
360
368
344
338
302
320
333
336
314
303
296
298
280
291
237
284
261
264
249
268
282
255
266
239
248
235
221
250
198
231
211
214
221
224
212
196
210
214
209
205
185
228
200
202
179
190
154
164
168
162
167
168
179
157
168
126
166
159
152
161
134
128
162
137
158
144
158
132
148
129
136
134
123
129
