Population complete
----------------------------
RocksDB version     : 6.24
Number of threads   : 8
Ops per thread      : 13107200
Cache size          : 2.00 GB
Num shard bits      : 5
Max key             : 2097152
Resident ratio      : 1
Skew degree         : 5
zipf constant         : 1.000000
Populate cache      : 1
Lookup+Insert pct   : 0%
Insert percentage   : 0%
Lookup percentage   : 100%
Erase percentage    : 0%
enableshardfix      : 0
Gather stats        : disabled
----------------------------
Complete in 154.355 s; Rough parallel ops/sec = 679328
Thread ops/sec = 85002

Operation latency (ns):
Count: 104857600 Average: 11598.3015  StdDev: 16.05
Min: 1073  Median: 9782.2267  Max: 24632215
Percentiles: P50: 9782.23 P75: 15570.64 P99: 41246.90 P99.9: 66629.45 P99.99: 243634.51
------------------------------------------------------
(     870,    1300 ]   103217   0.098%   0.098% 
(    1300,    1900 ]   760818   0.726%   0.824% 
(    1900,    2900 ]  2325631   2.218%   3.042% 
(    2900,    4400 ] 14202617  13.545%  16.587% ###
(    4400,    6600 ] 15377107  14.665%  31.251% ###
(    6600,    9900 ] 20386999  19.443%  50.694% ####
(    9900,   14000 ] 21384753  20.394%  71.088% ####
(   14000,   22000 ] 20893638  19.926%  91.014% ####
(   22000,   33000 ]  7587942   7.236%  98.250% #
(   33000,   50000 ]  1620868   1.546%  99.796% 
(   50000,   75000 ]   164095   0.156%  99.952% 
(   75000,  110000 ]    25347   0.024%  99.977% 
(  110000,  170000 ]    10071   0.010%  99.986% 
(  170000,  250000 ]     4358   0.004%  99.990% 
(  250000,  380000 ]     3380   0.003%  99.994% 
(  380000,  570000 ]     1679   0.002%  99.995% 
(  570000,  860000 ]     1299   0.001%  99.996% 
(  860000, 1200000 ]      869   0.001%  99.997% 
( 1200000, 1900000 ]     1162   0.001%  99.998% 
( 1900000, 2900000 ]      372   0.000%  99.999% 
( 2900000, 4300000 ]      522   0.000%  99.999% 
( 4300000, 6500000 ]      336   0.000% 100.000% 
( 6500000, 9800000 ]      274   0.000% 100.000% 
( 9800000, 14000000 ]      168   0.000% 100.000% 
( 14000000, 22000000 ]       70   0.000% 100.000% 
( 22000000, 33000000 ]        8   0.000% 100.000% 



easy index:
0
1
2
3
4
5
6
7
8
9
10
11
12
13
14
15
16
17
18
19
20
21
22
23
24
25
26
27
28
29
30
31


threadnumshard:
-1
-1
-1
-1
-1
-1
-1
-1
-1
-1
-1
-1
-1
-1
-1
-1
-1
-1
-1
-1
-1
-1
-1
-1
-1
-1
-1
-1
-1
-1
-1
1


0
0
0
0
0
0
0
0
0
0
0
0
0
0
0
0
0
0
0
0
0
0
0
0
0
0
0
0
0
0
0
117193022


largest peak time: shard=31 with 117193022 ns
average peak time = 3662281 ns


0
0
0
0
0
0
0
0
0
0
0
0
0
0
0
0
0
0
0
0
0
0
0
0
0
0
0
0
0
0
0
2428874285663


largest total time: shard=31 with 2428874285663 ns
average total time = 75902321426 ns


0
0
0
0
0
0
0
0
0
0
0
0
0
0
0
0
0
0
0
0
0
0
0
0
0
0
0
0
0
0
0
104857600


largest access count: shard=31 with 104857600 times
average access count = 3276800 times


key space usage

104354811
0
0
0
0
0
0
0
0
0
0
0
0
0
0
0
0
0
0
0
0
0
0
0
0
0
0
0
0
0
0
0
0
0
0
0
0
0
0
0
0
0
0
0
0
0
0
0
0
0
0
0
0
0
0
0
0
0
0
0
0
0
0
0
0
0
0
0
0
0
0
0
0
0
0
0
0
0
0
0
0
0
0
0
0
0
0
0
0
0
0
0
0
0
0
0
0
0
0
0
0
0
0
0
0
0
0
0
0
0
0
0
0
0
0
0
0
0
0
0
0
0
0
0
0
0
0
0
0
0
0
0
0
0
0
0
0
0
0
0
0
0
0
0
0
0
0
0
0
0
0
0
0
0
0
0
0
0
0
0
0
0
0
0
0
0
0
0
0
0
0
0
0
0
0
0
0
0
0
0
0
0
0
0
0
0
0
0
0
0
0
0
0
0
0
0
0
0
0
0
0
0
0
0
0
0
0
0
0
