Population complete
----------------------------
RocksDB version     : 6.24
Number of threads   : 8
Ops per thread      : 13107200
Cache size          : 2.00 GB
Num shard bits      : 7
Max key             : 2097152
Resident ratio      : 1
Skew degree         : 5
zipf constant         : 0.000000
Populate cache      : 1
Lookup+Insert pct   : 0%
Insert percentage   : 0%
Lookup percentage   : 100%
Erase percentage    : 0%
enableshardfix      : 0
Gather stats        : disabled
----------------------------
Complete in 71.268 s; Rough parallel ops/sec = 1471309
Thread ops/sec = 184573

Operation latency (ns):
Count: 104857600 Average: 4917.3075  StdDev: 31.47
Min: 923  Median: 4427.0431  Max: 55833015
Percentiles: P50: 4427.04 P75: 5589.11 P99: 9439.06 P99.9: 103118.48 P99.99: 717757.68
------------------------------------------------------
(     870,    1300 ]     5507   0.005%   0.005% 
(    1300,    1900 ]   135023   0.129%   0.134% 
(    1900,    2900 ]  4231952   4.036%   4.170% #
(    2900,    4400 ] 47446269  45.248%  49.418% #########
(    4400,    6600 ] 49628556  47.329%  96.748% #########
(    6600,    9900 ]  2745159   2.618%  99.366% #
(    9900,   14000 ]   453205   0.432%  99.798% 
(   14000,   22000 ]    39560   0.038%  99.836% 
(   22000,   33000 ]    17191   0.016%  99.852% 
(   33000,   50000 ]    14632   0.014%  99.866% 
(   50000,   75000 ]    19693   0.019%  99.885% 
(   75000,  110000 ]    19910   0.019%  99.904% 
(  110000,  170000 ]    24770   0.024%  99.927% 
(  170000,  250000 ]    22394   0.021%  99.949% 
(  250000,  380000 ]    22658   0.022%  99.970% 
(  380000,  570000 ]    16202   0.015%  99.986% 
(  570000,  860000 ]     8701   0.008%  99.994% 
(  860000, 1200000 ]     2922   0.003%  99.997% 
( 1200000, 1900000 ]     1435   0.001%  99.998% 
( 1900000, 2900000 ]      370   0.000%  99.999% 
( 2900000, 4300000 ]      756   0.001%  99.999% 
( 4300000, 6500000 ]      131   0.000%  99.999% 
( 6500000, 9800000 ]      172   0.000% 100.000% 
( 9800000, 14000000 ]      228   0.000% 100.000% 
( 14000000, 22000000 ]      141   0.000% 100.000% 
( 22000000, 33000000 ]       62   0.000% 100.000% 
( 49000000, 74000000 ]        1   0.000% 100.000% 



easy index:
0
1
2
3
4
5
6
7
8
9
10
11
12
13
14
15
16
17
18
19
20
21
22
23
24
25
26
27
28
29
30
31
32
33
34
35
36
37
38
39
40
41
42
43
44
45
46
47
48
49
50
51
52
53
54
55
56
57
58
59
60
61
62
63
64
65
66
67
68
69
70
71
72
73
74
75
76
77
78
79
80
81
82
83
84
85
86
87
88
89
90
91
92
93
94
95
96
97
98
99
100
101
102
103
104
105
106
107
108
109
110
111
112
113
114
115
116
117
118
119
120
121
122
123
124
125
126
127


threadnumshard:
4
4
4
4
4
4
4
4
4
4
4
4
4
4
4
4
4
4
4
4
4
4
4
4
4
4
4
4
4
4
4
4
4
4
4
4
4
4
4
4
4
4
4
4
4
4
4
4
4
4
4
4
4
4
4
4
4
4
4
4
4
4
4
4
4
4
4
4
4
4
4
4
4
4
4
4
4
4
4
4
4
4
4
4
4
4
4
4
4
4
4
4
4
4
4
4
4
4
4
4
4
4
4
4
4
4
4
4
4
4
4
4
4
4
4
4
4
4
4
4
4
4
4
4
4
4
4
4


103712700
79750592
46383018
137427743
103194517
66588261
206258824
73117045
33072587
115385685
149508974
73949724
120213801
81477777
72797410
54440256
85641100
55059909
216345890
213622582
160822633
95851298
69503116
162548767
98254156
77364135
66641397
69709289
99193917
73133677
172381777
79604192
84583647
117284978
56173786
118194967
160283912
142212710
47956542
69079229
148712556
67817954
157765666
24518718
121112565
75240897
164792428
128899385
9575339
157590353
86678817
112923467
149818970
15995041
136708758
81822319
33935205
86367650
101734552
61893911
51504178
122005535
45809874
131506848
53722179
149604294
135868412
94135783
113577228
163379395
109344395
111904612
141056203
60944266
13541535
170814291
86164177
346128511
85316231
90346166
72766270
59761468
100527940
148107322
55128346
122363859
39375190
22289164
128251100
89452210
70377735
83883794
41887441
10416020
150073938
131011155
146386068
145886107
104189988
78191612
111646491
95849482
152254523
163387754
132986362
18920673
54522070
23778786
103054956
167317380
73581346
72646798
70468284
82283744
54584396
171684600
23464724
71156438
169713623
65477378
153964730
116064443
141510394
41687439
21523495
42839461
55006678
147020076


largest peak time: shard=77 with 346128511 ns
average peak time = 99281472 ns


6490260641
6269393946
6358088203
6367525859
6365138355
6453449510
6344628547
6403246345
6268353771
6176093080
6568854193
6290342861
6306223240
6374588179
6329300784
6224366757
6612345453
6369322203
6632332002
6771037400
6698525827
6390442237
6291828328
6320651026
6295049663
6334557569
6197073993
6565032178
6426438200
6278441197
6855117637
6337244062
6445442786
6446144583
6299678987
6409128785
6755285377
6501890802
6326030042
6149987741
6552785922
6275645901
6595369294
6298975893
6470583447
6402813883
6336782589
6504694192
6211558228
6432801641
6219120061
6419323823
6501536104
6224849220
6555589823
6396874299
6117973213
6401512779
6222767490
6321475003
6254180595
6283339436
6197420753
6291436952
6477729517
6663317391
6353899768
6201783173
6456996003
6532728935
6355706670
6267684925
6372875950
6154305517
6151287145
6753343871
6401373915
6684094280
6508048880
6337322869
6266995975
6305853618
6365598766
6524189485
6357828170
6474720367
6327653356
6215902122
6661862542
6316039974
6392008335
6243160315
6261129023
6041903012
6691967920
6380198892
6511101236
6518250970
6371090804
6357859863
6501872116
6456073009
6350557733
6491844865
6404395496
6179019495
6335605498
6213677856
6322483502
6579537589
6249616770
6172512481
6436893013
6227272581
6298621524
6367301436
6019730892
6259808653
6718761767
6333439244
6400271025
6644594280
6302595795
6118113228
6137216666
6217599833
6275249542
6559851392


largest total time: shard=30 with 6855117637 ns
average total time = 6379848622 ns


825822
803962
827484
817983
817593
824072
804899
819025
822800
799096
826774
819735
821090
822643
820264
820370
828518
826969
820923
807586
817693
811323
825969
812706
823971
825150
816094
834292
813659
825969
822255
814482
824206
808925
826144
816105
824379
826515
829716
809405
818914
821324
824506
825295
817730
820359
822578
827035
821448
815017
815444
817853
832669
825409
821078
819188
816488
821067
806266
821874
823159
813971
821666
818193
825405
832080
808122
813558
822070
819218
821538
810150
814318
804913
818565
811461
809362
813069
820624
822083
823206
812180
810688
812423
829876
817911
834299
822857
828657
822071
824702
825073
820325
808971
819468
830094
832469
809696
809897
823711
817964
822993
816245
808176
817385
823047
825926
819153
816385
817964
810218
817259
824958
813983
826148
826549
808855
815073
822780
826087
817222
820599
815750
815815
811740
806118
818483
814518


largest access count: shard=86 with 834299 times
average access count = 819200 times


key space usage

48
52
58
58
55
63
45
57
45
59
43
62
59
58
44
58
45
40
56
59
53
47
48
49
48
48
50
46
55
57
44
50
63
51
44
53
61
55
45
53
41
40
49
50
55
54
51
37
40
61
54
73
55
67
58
43
50
45
45
52
55
53
42
30
52
48
46
54
56
51
46
63
53
55
48
55
46
64
44
59
60
45
54
44
54
59
61
53
56
39
54
41
63
47
51
43
41
48
45
54
55
52
49
54
48
44
57
47
50
55
58
52
44
44
53
67
56
48
60
57
47
44
53
31
63
47
59
46
62
47
46
50
51
45
61
31
40
54
38
47
52
50
56
48
47
52
44
55
53
51
49
51
40
53
47
48
59
44
50
58
51
54
60
46
51
54
54
59
47
57
40
43
56
55
50
54
50
46
44
53
56
48
42
45
53
44
53
54
58
61
25
54
55
50
66
43
60
57
55
56
47
46
50
40
66
44
52
48
61
