Population complete
----------------------------
RocksDB version     : 6.24
Number of threads   : 8
Ops per thread      : 13107200
Cache size          : 2.00 GB
Num shard bits      : 5
Max key             : 2097152
Resident ratio      : 1
Skew degree         : 5
zipf constant         : 0.000000
Populate cache      : 1
Lookup+Insert pct   : 0%
Insert percentage   : 0%
Lookup percentage   : 100%
Erase percentage    : 0%
enableshardfix      : 0
Gather stats        : disabled
----------------------------
Complete in 69.385 s; Rough parallel ops/sec = 1511241
Thread ops/sec = 189981

Operation latency (ns):
Count: 104857600 Average: 4873.4185  StdDev: 40.56
Min: 915  Median: 3966.2120  Max: 34246441
Percentiles: P50: 3966.21 P75: 5179.09 P99: 13420.47 P99.9: 105563.97 P99.99: 266638.56
------------------------------------------------------
(     870,    1300 ]     9500   0.009%   0.009% 
(    1300,    1900 ]   240884   0.230%   0.239% 
(    1900,    2900 ]  8479950   8.087%   8.326% ##
(    2900,    4400 ] 61477174  58.629%  66.955% ############
(    4400,    6600 ] 23820641  22.717%  89.672% #####
(    6600,    9900 ]  8353175   7.966%  97.638% ##
(    9900,   14000 ]  1662725   1.586%  99.224% 
(   14000,   22000 ]   252443   0.241%  99.465% 
(   22000,   33000 ]   121807   0.116%  99.581% 
(   33000,   50000 ]   129953   0.124%  99.705% 
(   50000,   75000 ]   124501   0.119%  99.824% 
(   75000,  110000 ]    91599   0.087%  99.911% 
(  110000,  170000 ]    61034   0.058%  99.969% 
(  170000,  250000 ]    20899   0.020%  99.989% 
(  250000,  380000 ]     6479   0.006%  99.995% 
(  380000,  570000 ]     1789   0.002%  99.997% 
(  570000,  860000 ]      641   0.001%  99.998% 
(  860000, 1200000 ]      433   0.000%  99.998% 
( 1200000, 1900000 ]      794   0.001%  99.999% 
( 1900000, 2900000 ]      227   0.000%  99.999% 
( 2900000, 4300000 ]      399   0.000%  99.999% 
( 4300000, 6500000 ]      106   0.000% 100.000% 
( 6500000, 9800000 ]      140   0.000% 100.000% 
( 9800000, 14000000 ]      147   0.000% 100.000% 
( 14000000, 22000000 ]      103   0.000% 100.000% 
( 22000000, 33000000 ]       56   0.000% 100.000% 
( 33000000, 49000000 ]        1   0.000% 100.000% 



easy index:
0
1
2
3
4
5
6
7
8
9
10
11
12
13
14
15
16
17
18
19
20
21
22
23
24
25
26
27
28
29
30
31


threadnumshard:
1
1
1
1
1
1
1
1
1
1
1
1
1
1
1
1
1
1
1
1
1
1
1
1
1
1
1
1
1
1
1
1


134321621
150930044
162628539
168672781
146719326
169514404
231561573
123628377
147312293
138989164
145932689
154622656
158873778
155738723
141915187
165906603
157311282
149306433
122758613
144779679
168233989
85028389
162727900
183343800
151693796
70682546
215960723
95859308
118793823
152891461
143758156
142997517


largest peak time: shard=6 with 231561573 ns
average peak time = 148856099 ns


26127418017
25658195190
25796806285
25681349264
25827063779
26510932361
25747987550
25184596489
26049978893
25625285540
26398241917
25794186823
25849070775
25922993008
25753352136
26347794691
26112171119
25433578903
25629865587
25285609895
26262879824
25916067928
26051810863
25914624364
25645631886
25790126025
26001141885
25564067337
25172441932
25390218693
25613279702
25783032102


largest total time: shard=5 with 26510932361 ns
average total time = 25807556273 ns


3307902
3254663
3271647
3271357
3282006
3292798
3272398
3246756
3273417
3248380
3295771
3275644
3264567
3274035
3273684
3286747
3298130
3268149
3273203
3264411
3289093
3269716
3304126
3280838
3286338
3288887
3262812
3297054
3268883
3255029
3281872
3277287


largest access count: shard=0 with 3307902 times
average access count = 3276800 times


key space usage

48
52
58
58
55
63
45
57
45
59
43
62
59
58
44
58
45
40
56
59
53
47
48
49
48
48
50
46
55
57
44
50
63
51
44
53
61
55
45
53
41
40
49
50
55
54
51
37
40
61
54
73
55
67
58
43
50
45
45
52
55
53
42
30
52
48
46
54
56
51
46
63
53
55
48
55
46
64
44
59
60
45
54
44
54
59
61
53
56
39
54
41
63
47
51
43
41
48
45
54
55
52
49
54
48
44
57
47
50
55
58
52
44
44
53
67
56
48
60
57
47
44
53
31
63
47
59
46
62
47
46
50
51
45
61
31
40
54
38
47
52
50
56
48
47
52
44
55
53
51
49
51
40
53
47
48
59
44
50
58
51
54
60
46
51
54
54
59
47
57
40
43
56
55
50
54
50
46
44
53
56
48
42
45
53
44
53
54
58
61
25
54
55
50
66
43
60
57
55
56
47
46
50
40
66
44
52
48
61
