Population complete
----------------------------
RocksDB version     : 6.24
Number of threads   : 8
Ops per thread      : 13107200
Cache size          : 2.00 GB
Num shard bits      : 5
Max key             : 2097152
Resident ratio      : 1
Skew degree         : 5
zipf constant         : 0.400000
Populate cache      : 1
Lookup+Insert pct   : 0%
Insert percentage   : 0%
Lookup percentage   : 100%
Erase percentage    : 0%
enableshardfix      : 0
Gather stats        : disabled
----------------------------
Complete in 95.645 s; Rough parallel ops/sec = 1096319
Thread ops/sec = 137172

Operation latency (ns):
Count: 104857600 Average: 6965.1596  StdDev: 18.51
Min: 1019  Median: 5156.9662  Max: 26702489
Percentiles: P50: 5156.97 P75: 8685.83 P99: 30410.93 P99.9: 65946.98 P99.99: 161578.23
------------------------------------------------------
(     870,    1300 ]    19632   0.019%   0.019% 
(    1300,    1900 ]   700120   0.668%   0.686% 
(    1900,    2900 ] 14491211  13.820%  14.506% ###
(    2900,    4400 ] 29596145  28.225%  42.731% ######
(    4400,    6600 ] 22151217  21.125%  63.856% ####
(    6600,    9900 ] 18486656  17.630%  81.487% ####
(    9900,   14000 ] 10847141  10.345%  91.831% ##
(   14000,   22000 ]  6330430   6.037%  97.868% #
(   22000,   33000 ]  1551695   1.480%  99.348% 
(   33000,   50000 ]   481673   0.459%  99.808% 
(   50000,   75000 ]   151788   0.145%  99.952% 
(   75000,  110000 ]    32677   0.031%  99.984% 
(  110000,  170000 ]     7828   0.007%  99.991% 
(  170000,  250000 ]     2845   0.003%  99.994% 
(  250000,  380000 ]     2011   0.002%  99.996% 
(  380000,  570000 ]     1317   0.001%  99.997% 
(  570000,  860000 ]      770   0.001%  99.998% 
(  860000, 1200000 ]      445   0.000%  99.998% 
( 1200000, 1900000 ]      775   0.001%  99.999% 
( 1900000, 2900000 ]      258   0.000%  99.999% 
( 2900000, 4300000 ]      327   0.000%  99.999% 
( 4300000, 6500000 ]      179   0.000% 100.000% 
( 6500000, 9800000 ]      167   0.000% 100.000% 
( 9800000, 14000000 ]      175   0.000% 100.000% 
( 14000000, 22000000 ]      100   0.000% 100.000% 
( 22000000, 33000000 ]       18   0.000% 100.000% 



easy index:
0
1
2
3
4
5
6
7
8
9
10
11
12
13
14
15
16
17
18
19
20
21
22
23
24
25
26
27
28
29
30
31


threadnumshard:
3
3
2
3
3
3
3
3
3
3
3
3
3
3
3
3
2
3
3
3
3
2
3
3
3
3
3
3
3
3
3
3


74879387
1387023
1448704
1294142
72459869
49783800
656483
92442636
33701934
44647186
72128789
5081094
48767275
3878566
118959081
11009488
3227202
37780658
789295
8804191
3939136
66946874
73221570
61321348
99051563
3431356
114673821
114015065
27947059
6746071
7816666
150554488


largest peak time: shard=31 with 150554488 ns
average peak time = 44149744 ns


30365463730
2399492794
371625448
377196929
8930754655
4102040578
660056814
7092313212
4169471403
12237334119
8197227747
726689600
6134014288
2970017690
56636965161
13354623216
1006520526
1248214245
939874256
999068772
1575251507
1271753177
4349311228
5389963404
6828976629
1572710895
19703635326
133286208015
4465465491
763798607
1306874059
980637759489


largest total time: shard=31 with 980637759489 ns
average total time = 41377208531 ns


5274268
498963
77906
79774
1739986
822600
139356
1400905
846789
2360596
1592590
152214
1218305
615964
8823783
2578333
210556
253532
198230
204537
330606
252172
849487
1083591
1343061
330301
3634683
16452527
914935
159041
272471
50145538


largest access count: shard=31 with 50145538 times
average access count = 3276800 times


key space usage

48980520
15509663
7900826
4896500
3377553
2491406
1929418
1543268
1268902
1064928
907513
784985
687357
608583
541434
484771
437645
399778
364421
335548
310829
286313
264509
247071
231070
216164
203336
190959
180235
170955
162185
153858
145146
138732
131930
125753
119976
115287
110091
105413
100977
97166
93351
89807
86529
83367
80859
78221
75307
72995
69981
68524
65625
63888
62026
60153
58385
56808
55553
53826
52050
50753
49339
48199
47137
45890
44937
43455
42354
41660
40573
39479
38543
37874
36706
35900
35547
34837
33993
33190
32742
32001
31335
30815
29886
29590
29024
28486
27913
26875
27040
26221
25976
25644
24986
24662
24239
23528
23399
22985
22442
22463
21930
21618
21100
20820
20277
20038
19887
19560
19554
18742
18589
18430
18183
18045
17859
17332
16899
16988
16709
16386
16265
16283
15865
15754
15273
15264
14991
14967
14797
14559
14355
14076
13821
13794
13598
13499
13321
12971
13014
12828
12759
12331
12490
12378
12213
12161
11606
11761
11501
11331
11260
11276
11049
10924
10733
10697
10711
10535
10470
10339
10102
9911
9968
9755
9746
9502
9514
9627
9285
9363
9170
9116
8902
8920
8807
8796
8625
8695
8546
8466
8451
8356
8219
7998
8110
7988
7864
7986
7796
7653
7671
7684
7600
7308
7445
7404
7334
7237
7045
7044
6971
6958
7001
6964
6788
6749
6640
