Population complete
----------------------------
RocksDB version     : 6.24
Number of threads   : 8
Ops per thread      : 13107200
Cache size          : 2.00 GB
Num shard bits      : 5
Max key             : 2097152
Resident ratio      : 1
Skew degree         : 5
zipf constant         : 0.000000
Populate cache      : 1
Lookup+Insert pct   : 0%
Insert percentage   : 0%
Lookup percentage   : 100%
Erase percentage    : 0%
enableshardfix      : 0
Gather stats        : disabled
----------------------------
Complete in 71.935 s; Rough parallel ops/sec = 1457667
Thread ops/sec = 182765

Operation latency (ns):
Count: 104857600 Average: 5030.5510  StdDev: 29.66
Min: 1047  Median: 4164.6106  Max: 33008230
Percentiles: P50: 4164.61 P75: 5567.90 P99: 13138.36 P99.9: 109639.70 P99.99: 315038.85
------------------------------------------------------
(     870,    1300 ]     9450   0.009%   0.009% 
(    1300,    1900 ]    92948   0.089%   0.098% 
(    1900,    2900 ]  6415996   6.119%   6.216% #
(    2900,    4400 ] 54455981  51.933%  58.150% ##########
(    4400,    6600 ] 33283166  31.741%  89.891% ######
(    6600,    9900 ]  8277689   7.894%  97.785% ##
(    9900,   14000 ]  1612715   1.538%  99.323% 
(   14000,   22000 ]   222708   0.212%  99.536% 
(   22000,   33000 ]    94145   0.090%  99.625% 
(   33000,   50000 ]   101934   0.097%  99.723% 
(   50000,   75000 ]   103753   0.099%  99.822% 
(   75000,  110000 ]    83113   0.079%  99.901% 
(  110000,  170000 ]    62907   0.060%  99.961% 
(  170000,  250000 ]    26022   0.025%  99.986% 
(  250000,  380000 ]     9169   0.009%  99.994% 
(  380000,  570000 ]     2376   0.002%  99.997% 
(  570000,  860000 ]      680   0.001%  99.997% 
(  860000, 1200000 ]      401   0.000%  99.998% 
( 1200000, 1900000 ]      752   0.001%  99.998% 
( 1900000, 2900000 ]      395   0.000%  99.999% 
( 2900000, 4300000 ]      562   0.001%  99.999% 
( 4300000, 6500000 ]      176   0.000%  99.999% 
( 6500000, 9800000 ]      178   0.000% 100.000% 
( 9800000, 14000000 ]      212   0.000% 100.000% 
( 14000000, 22000000 ]      143   0.000% 100.000% 
( 22000000, 33000000 ]       28   0.000% 100.000% 
( 33000000, 49000000 ]        1   0.000% 100.000% 



easy index:
0
1
2
3
4
5
6
7
8
9
10
11
12
13
14
15
16
17
18
19
20
21
22
23
24
25
26
27
28
29
30
31


threadnumshard:
7
7
7
7
7
7
7
7
7
7
7
7
7
7
7
7
7
7
7
7
7
7
7
7
7
7
7
7
7
7
7
7


164137613
136273982
76761492
146849901
139402555
128043246
149738263
145100208
141833275
190105194
136415073
161409484
141155477
112043044
123428773
144669046
146007557
162384874
81805623
72734299
117228027
168651285
140033612
63716140
167783001
129747037
104012688
154184201
102643084
151178305
71443124
170010589


largest peak time: shard=9 with 190105194 ns
average peak time = 132529064 ns


37663865303
23300053591
15033735259
14833720101
24234601912
22877208967
15605967956
23826066106
24138716335
31538850020
26920528178
16352582616
28949892834
23124861943
50308713466
25221609282
17051267091
18828136625
15864159921
17794101017
17470743715
19247566936
25191604176
24126538783
26020182442
18178340947
32115075262
64200383778
22949942588
17275950258
19040337553
105414479189


largest total time: shard=31 with 105414479189 ns
average total time = 27021868254 ns


4468161
2973946
2066353
2030756
3145093
2975465
2143764
3068786
3057896
3799320
3381976
2187055
3620256
2986957
5487402
3211014
2289184
2495060
2196322
2403246
2377630
2545622
3174359
3124362
3284107
2456504
3938739
6645652
2989248
2328922
2554353
9450090


largest access count: shard=31 with 9450090 times
average access count = 3276800 times


key space usage

6919621
3462152
2307137
1730741
1383962
1153255
988624
866233
768544
692936
628675
577246
532329
494439
461958
431976
407746
384592
365052
346042
330042
314433
301403
288976
276881
265754
257368
248031
239010
230760
223721
216727
209243
203557
198564
193190
187546
183028
177635
172522
169056
164796
161695
157731
153451
150778
147333
143819
141453
138577
136008
133459
131278
128398
125542
123504
120876
119193
117713
116075
113358
112408
109689
108619
106949
104714
103103
102102
100635
99167
97634
96636
95167
93205
92041
91177
90032
88460
87619
86361
85859
84516
83296
82323
81561
80447
79747
78782
77847
77645
76267
75355
74859
73699
72714
72097
71217
70912
70224
69534
68811
68033
67010
67104
66114
65563
64522
64204
63545
63001
61834
62162
61317
60657
60357
60009
58911
58556
58011
57725
57316
57196
56797
55965
55738
54769
54615
53880
54026
53651
52908
52634
51647
51947
51590
51094
50366
50244
49817
49399
49275
48632
48234
48106
47720
47676
47153
46706
46335
46272
45750
45869
45237
44907
44632
44420
43888
43574
43906
43592
43156
42918
42434
42644
42057
41546
41311
41321
41131
40904
40840
39863
40364
39836
39623
39255
38865
38785
38994
38285
38350
37930
37895
37711
37855
36931
37273
37147
36704
36412
36089
36344
35725
36013
35077
35776
35069
35408
34535
34352
34024
34310
34412
33761
33677
33447
33452
33577
33233
