Population complete
----------------------------
RocksDB version     : 6.24
Number of threads   : 8
Ops per thread      : 13107200
Cache size          : 2.00 GB
Num shard bits      : 5
Max key             : 2097152
Resident ratio      : 1
Skew degree         : 5
zipf constant         : 0.600000
Populate cache      : 1
Lookup+Insert pct   : 0%
Insert percentage   : 0%
Lookup percentage   : 100%
Erase percentage    : 0%
enableshardfix      : 1
Gather stats        : disabled
----------------------------
Complete in 37.970 s; Rough parallel ops/sec = 2761614
Thread ops/sec = 350391

Operation latency (ns):
Count: 104857600 Average: 2426.7857  StdDev: 29.23
Min: 853  Median: 2358.7848  Max: 55539555
Percentiles: P50: 2358.78 P75: 2634.88 P99: 2899.92 P99.9: 4326.36 P99.99: 52423.91
------------------------------------------------------
(     580,     870 ]     6407   0.006%   0.006% 
(     870,    1300 ]   492416   0.470%   0.476% 
(    1300,    1900 ]  8369213   7.982%   8.457% ##
(    1900,    2900 ] 94948150  90.550%  99.007% ##################
(    2900,    4400 ]   984907   0.939%  99.946% 
(    4400,    6600 ]    15015   0.014%  99.960% 
(    6600,    9900 ]     6647   0.006%  99.967% 
(    9900,   14000 ]     7738   0.007%  99.974% 
(   14000,   22000 ]    10524   0.010%  99.984% 
(   22000,   33000 ]     3422   0.003%  99.987% 
(   33000,   50000 ]     2307   0.002%  99.990% 
(   50000,   75000 ]     3798   0.004%  99.993% 
(   75000,  110000 ]     1991   0.002%  99.995% 
(  110000,  170000 ]     1210   0.001%  99.996% 
(  170000,  250000 ]      793   0.001%  99.997% 
(  250000,  380000 ]      661   0.001%  99.998% 
(  380000,  570000 ]      570   0.001%  99.998% 
(  570000,  860000 ]      234   0.000%  99.998% 
(  860000, 1200000 ]      153   0.000%  99.999% 
( 1200000, 1900000 ]      266   0.000%  99.999% 
( 1900000, 2900000 ]       42   0.000%  99.999% 
( 2900000, 4300000 ]       33   0.000%  99.999% 
( 4300000, 6500000 ]       95   0.000%  99.999% 
( 6500000, 9800000 ]      195   0.000%  99.999% 
( 9800000, 14000000 ]      209   0.000%  99.999% 
( 14000000, 22000000 ]      445   0.000% 100.000% 
( 22000000, 33000000 ]      147   0.000% 100.000% 
( 33000000, 49000000 ]        9   0.000% 100.000% 
( 49000000, 74000000 ]        3   0.000% 100.000% 



easy index:
0
1
2
3
4
5
6
7
8
9
10
11
12
13
14
15
16
17
18
19
20
21
22
23
24
25
26
27
28
29
30
31


threadnumshard:
0
0
0
0
1
1
1
1
2
2
2
2
3
3
3
3
4
4
4
4
5
5
5
5
6
6
6
6
7
7
7
7


111501474
149009511
375858
194590301
107703573
203480119
788982
5865330
28913135
152672967
7361982
151899464
266813840
1163785
165667271
155517736
174917854
1034521
346244790
157865249
4536997
84018955
5924655
195997687
92660595
349681770
140718503
280010981
85542908
3854027
198293377
223926168


largest peak time: shard=25 with 349681770 ns
average peak time = 126517323 ns


2030053342
12016749572
193235104
9650893869
1804636867
63079405216
344760166
762167624
4028453750
2230571031
609349385
3265087686
76106338005
635109373
6216615806
2533795906
54437842344
481685792
10135780616
10701751097
670629718
1330590297
591402974
58075252103
1446643335
57032987070
3836802154
64034623051
3504276465
1894021866
55704703495
67013411222


largest total time: shard=12 with 76106338005 ns
average total time = 18012488321 ns


358332
2143257
38356
1779511
337605
11559472
68244
150093
788164
346986
119003
566177
13575268
125824
1138113
424501
9942895
95621
1864701
1946011
130600
246107
116723
10657981
243646
10432411
656209
11576765
663538
374410
10409366
11944299


largest access count: shard=12 with 13575268 times
average access count = 3275630 times


key space usage

9770646
1727131
626699
306071
174646
111044
75348
53855
40102
30704
24561
19561
15824
13264
11257
9664
8171
7184
6348
5355
4632
4175
3875
3451
3111
2846
2597
2336
2197
2030
1792
1720
1577
1511
1330
1224
1193
1096
983
953
938
851
774
764
745
627
622
614
556
560
530
489
464
475
440
444
393
390
361
335
315
321
268
310
285
278
247
265
246
228
253
225
195
194
222
195
182
181
163
160
149
171
164
147
141
143
139
114
150
120
150
126
120
105
102
117
104
100
105
117
92
98
85
87
81
79
76
90
69
73
59
63
85
68
81
61
75
51
59
68
47
55
66
74
55
54
62
66
55
46
57
43
54
43
45
44
50
55
42
36
45
34
39
41
29
33
31
42
35
34
35
21
28
33
38
34
21
39
33
34
31
20
32
23
31
26
34
21
24
30
23
26
23
33
26
22
31
21
29
21
27
19
25
21
23
25
19
20
20
21
16
28
20
14
23
11
16
24
16
18
22
23
16
13
15
20
15
14
21
